020101003801201904
020101012701201904
020101012709201904
020101013501201904
020101013509201904
020101014301201904
020101014307201904
020101014309201904
020101016001201904
020101016009201904
020101020801201904
020101020809201904
020101024001201904
020101024007201904
020101024009201904
020101025901201904
020101026701201904
020101026707201904
020101026709201904
020101027503201904
020101027507201904
020101027509201904
020101030501201904
020101030507201904
020101030509201904
020101031301201904
020101031307201904
020101031309201904
020101032101201904
020101032107201904
020101032109201904
020101033001201904
020101033007201904
020101033009201904
020101040201201904
020101040207201904
020101040209201904
020101053401201904
020101053409201904
020101055001201904
020101055009201904
020904003301201904
020904003307201904
020904003309201904
020904005001201904
020904005007201904
020904005009201904
021105009101201904
021105010503201904
021105010507201904
021105010509201904
021105014801201904
030106001003201904
030106001007201904
030106007001201904
030106007003201904
030106007007201904
030106007009201904
030106008803201904
030109001703201904
030109001709201904
030109001713201904
030109002503201904
030109002509201904
030109002513201904
030301001003201904
030301001007201904
030301002903201904
030301002907201904
030301003703201904
030301003707201904
030301004503201904
030301004507201904
030301005303201904
030301005307201904
030301006103201904
030301006107201904
030301007003201904
030301007007201904
030301008803201904
030301008807201904
030301009603201904
030301009607201904
030301010003201904
030301010007201904
030301011803201904
030301011807201904
030301012603201904
030301012607201904
030301013403201904
030301013407201904
030301014203201904
030301014207201904
030301015003201904
030301015007201904
030301016903201904
030301016907201904
030301017703201904
030301017707201904
030301018503201904
030301018507201904
030301019303201904
030301019307201904
030301020703201904
030301020707201904
030301021503201904
030301021506201904
030301021507201904
030302003203201904
030302003207201904
030302004003201904
030302004007201904
030302005903201904
030302005907201904
030302006703201904
030302006707201904
030302007503201904
030302007507201904
030302008303201904
030302008307201904
030303001107201904
030303001111201904
030303002003201904
030303002007201904
030303003803201904
030303003807201904
030303004603201904
030303004607201904
030303005403201904
030303005407201904
030303006203201904
030303006207201904
030304001703201904
030304001707201904
030304002503201904
030304002507201904
030304003303201904
030304003307201904
030304004103201904
030304004107201904
030304005003201904
030304005007201904
030304006803201904
030304006807201904
030304007603201904
030304007607201904
030304008401201904
030304008403201904
030304008407201904
030304009201201904
030304009203201904
030304009207201904
030304010603201904
030304010607201904
030304011401201904
030304011403201904
030304011407201904
030304012201201904
030304012203201904
030304012207201904
030304013003201904
030304013007201904
030304014903201904
030304014907201904
030304015703201904
030304015707201904
030304016503201904
030304016507201904
030304017303201904
030304017307201904
030304018103201904
030304019003201904
030304019007201904
030304020303201904
030304020307201904
030304021103201904
030304021107201904
030304022003201904
030304022007201904
030304023803201904
030304023807201904
030304024603201904
030304024607201904
030304025403201904
030304025407201904
030304026203201904
030304026207201904
030304027003201904
030304027007201904
030304028903201904
030304029703201904
030304029707201904
030304030003201904
030305013603201904
030305013607201904
030305014403201904
030305014407201904
030306001803201904
030306001807201904
030306002603201904
030306002607201904
030306003403201904
030306003407201904
030306004203201904
030306004207201904
030306005003201904
030306005007201904
030306006903201904
030306006907201904
030306007703201904
030306007707201904
030306008503201904
030306008507201904
030306009303201904
030306009307201904
030306010703201904
030306010707201904
030306011503201904
030306011507201904
030306012303201904
030306012307201904
030306013103201904
030306013107201904
030306014003201904
030306014007201904
030306015803201904
030306015807201904
030306016603201904
030306016607201904
030306017403201904
030306017407201904
030306018203201904
030306018207201904
030306019003201904
030306019007201904
030306020403201904
030306020407201904
030306021203201904
030306021207201904
030306022001201904
030306022003201904
030306022007201904
030306023903201904
030306023907201904
030306024703201904
030306024707201904
030306025503201904
030306025507201904
030306026303201904
030306026307201904
030306027103201904
030306027107201904
030306028003201904
030306028007201904
030306029803201904
030306029807201904
030306030103201904
030306030107201904
030307006403201904
030307006407201904
030307007203201904
030307007207201904
030307008003201904
030307008007201904
030307009903201904
030307009907201904
030307010203201904
030307010207201904
030307011003201904
030307011007201904
030307012903201904
030307012907201904
030307013701201904
030308004303201904
030308004307201904
030308005103201904
030308005107201904
030308006003201904
030308006007201904
030308007803201904
030308007807201904
030308008603201904
030308008607201904
030308009403201904
030308009407201904
030309013803201904
030309013807201904
030309013809201904
030309019703201904
030309019707201904
030309019709201904
030309023503201904
030309023507201904
030309023509201904
030309031603201904
030309031607201904
030310001002201904
030310001003201904
030310001007201904
030310002802201904
030310002803201904
030310002807201904
030310003602201904
030310003603201904
030310003607201904
030310004402201904
030310004403201904
030310004407201904
030310005202201904
030310005203201904
030310005207201904
030311001503201904
030311001507201904
030311002303201904
030311002307201904
030311003103201904
030311003107201904
030311004003201904
030311004007201904
030311005803201904
030311005807201904
030311006603201904
030311006607201904
030311007403201904
030311007407201904
030311008203201904
030311008207201904
030311009003201904
030311009007201904
030311010403201904
030311010407201904
030311011203201904
030311011207201904
030313001604201904
030313002404201904
030313003204201904
030313004004201904
030313005904201904
030313006704201904
030313007504201904
030313008304201904
030314002003201904
030314002007201904
030314003803201904
030314003807201904
030314004603201904
030314004607201904
030314005403201904
030314005407201904
030314006203201904
030314006207201904
030314007003201904
030314007007201904
030314008903201904
030314008907201904
030314009703201904
030314009707201904
030314010003201904
030314010007201904
030314011903201904
030314011907201904
030314012703201904
030314012707201904
030314013503201904
030314013507201904
030314014303201904
030314014307201904
030314015103201904
030314015107201904
030315001703201904
030315001707201904
030315002503201904
030315002507201904
030315003303201904
030315003307201904
030315004103201904
030315004107201904
030315005003201904
030315005007201904
030315006803201904
030315006807201904
030316001207201904
030316002007201904
030316003907201904
030316004707201904
030316005507201904
030316006307201904
030316007107201904
030317009305201904
030317009307201904
030317010707201904
030317010714201904
030317013102201904
030317013103201904
030317013105201904
030317013107201904
030317013187201904
030317014002201904
030317014003201904
030317014005201904
030317014007201904
030317014087201904
030317015802201904
030317015803201904
030317015805201904
030317015807201904
030317015887201904
030317016602201904
030317016603201904
030317016605201904
030317016607201904
030317016687201904
030317017402201904
030317017403201904
030317017405201904
030317017407201904
030317017487201904
030317018202201904
030317018203201904
030317018205201904
030317018207201904
030317018287201904
030317019005201904
030317019007201904
030317020405201904
030317020407201904
030318001303201904
030318001307201904
030318003003201904
030318003007201904
030318004803201904
030318004807201904
030318005603201904
030318005607201904
030318006403201904
030318006407201904
030318007207201904
030318007210201904
030319001903201904
030319001907201904
030319001908201904
030401004903201904
030401005703201904
030401006503201904
030401011103201904
030401011107201904
030401016203201904
030401032403201904
030401033203201904
030401035903201904
030401035907201904
030408002003201904
030408002007201904
030408003903201904
030408003907201904
030408003909201904
030408004703201904
030408006303201904
030409001803201904
030409001807201904
030409002603201904
030409002607201904
030409003403201904
030409003407201904
030409004203201904
030409004207201904
030410001303201904
030410001307201904
030410001309201904
030410002103201904
030410002107201904
030501017403201904
030501017407201904
030502001303201904
030502001307201904
030502002103201904
030502002107201904
030502003003201904
030502003007201904
030502004803201904
030502004807201904
030502005603201904
030502005607201904
030701005801201904
030701005803201904
030701005807201904
030701005809201904
030702003701201904
030702003703201904
030702003707201904
030702003709201904
030702004501201904
030702004503201904
030702004507201904
030702004509201904
030702005301201904
030702005303201904
030702005307201904
030702005309201904
030702006101201904
030702006103201904
030702006107201904
030702006109201904
030702008801201904
030702008803201904
030702008807201904
030702008809201904
030702009601201904
030702009603201904
030702009607201904
030702009609201904
030702010001201904
030702010003201904
030702010007201904
030702010009201904
030702011801201904
030702011803201904
030702011807201904
030702011809201904
030703003201201904
030703003203201904
030703003207201904
030703003209201904
030704001101201904
030704001103201904
030704001107201904
030704001109201904
030704006201201904
030704006203201904
030704006207201904
030704006209201904
030704008901201904
030704008903201904
030704008907201904
030704008909201904
030801001901201904
030801001903201904
030801001907201904
030801002703201904
030801002707201904
030801003501201904
030801003503201904
030801003507201904
030801004301201904
030801004303201904
030801004307201904
030802002203201904
030802002207201904
030802003003201904
030802003007201904
030803001003201904
030803001007201904
030803002803201904
030803002807201904
030803003601201904
030803003603201904
030803003607201904
030803003683201904
030804001501201904
030804001503201904
030804001507201904
030804002303201904
030804002307201904
030901003901201904
030901003903201904
030901003907201904
031001003901201904
031001003902201904
031001003903201904
031001004701201904
031001004702201904
031001004703201904
031001005502201904
040102001001201904
040102001007201904
040102001009201904
040102002901201904
040102002907201904
040102002909201904
040102003701201904
040102003707201904
040102003709201904
040102004501201904
040102004507201904
040102004509201904
040102005301201904
040102005307201904
040102005309201904
040102006101201904
040102006107201904
040102006109201904
040102007001201904
040102007007201904
040102007009201904
040102008801201904
040102008807201904
040102008809201904
040102009601201904
040102009607201904
040102009609201904
040102010001201904
040102010007201904
040102010009201904
040102011801201904
040102011807201904
040102011809201904
040102012601201904
040102012607201904
040102012609201904
040102013401201904
040102013409201904
040102014201201904
040102014207201904
040102014209201904
040102015001201904
040102015007201904
040102015009201904
040102016901201904
040102016907201904
040102016909201904
040201001901201904
040201001907201904
040201002701201904
040201002707201904
040201003501201904
040201003507201904
040201003509201904
040201004301201904
040201004307201904
040201004309201904
040201005101201904
040201005107201904
040202001401201904
040202001407201904
040202002201201904
040202002207201904
040301001201201904
040301001207201904
040301002001201904
040301002007201904
040301003901201904
040301003907201904
040301004701201904
040301004707201904
040301005501201904
040301005507201904
040301006301201904
040301006307201904
040301007101201904
040301007107201904
040301008001201904
040301008007201904
040301008009201904
040301009801201904
040301009807201904
040301010101201904
040301010107201904
040301011001201904
040301011007201904
040301012801201904
040301012807201904
040301013601201904
040301013607201904
040301014401201904
040301014407201904
040301015201201904
040301015207201904
040301016001201904
040301016007201904
040301017901201904
040301017907201904
040301018701201904
040301018707201904
040301019501201904
040301019507201904
040301020901201904
040301020907201904
040301021701201904
040301021707201904
040301022501201904
040301022507201904
040301023301201904
040301023307201904
040301024101201904
040301024107201904
040301025001201904
040301025007201904
040301026801201904
040301026807201904
040301027601201904
040301027607201904
040301028401201904
040301028407201904
040301029201201904
040301029207201904
040301030601201904
040301030607201904
040301031401201904
040301031407201904
040301032201201904
040301032207201904
040301033001201904
040301033007201904
040301034901201904
040301034907201904
040301035701201904
040301035707201904
040301036501201904
040301036507201904
040301039001201904
040301039003201904
040301039007201904
040302001801201904
040302001807201904
040302002601201904
040302002607201904
040302003401201904
040302003407201904
040302004201201904
040302004207201904
040302005001201904
040302005007201904
040302006901201904
040302006907201904
040302007701201904
040302007707201904
040302007709201904
040302008501201904
040302008507201904
040302008509201904
040302009301201904
040302009307201904
040302009309201904
040302010701201904
040302010707201904
040302011501201904
040302011507201904
040302012301201904
040302012307201904
040302012309201904
040302013101201904
040302013107201904
040303001301201904
040303001307201904
040303002101201904
040303002107201904
040303003001201904
040303003007201904
040303004801201904
040303004807201904
040303005601201904
040303005607201904
040303006401201904
040303006407201904
040303008001201904
040303008007201904
040303009901201904
040303009907201904
040303010201201904
040303010207201904
040303011001201904
040303011007201904
040303012901201904
040303012907201904
040303013701201904
040303013707201904
040303014501201904
040303014507201904
040303015301201904
040303015307201904
040303016101201904
040303016107201904
040303017001201904
040303017007201904
040304001901201904
040304001907201904
040304002701201904
040304002707201904
040304005101201904
040304005107201904
040304006001201904
040304006007201904
040304007801201904
040304007807201904
040304008601201904
040304008607201904
040304009401201904
040304009407201904
040304010801201904
040304010807201904
040304011601201904
040304011607201904
040304012401201904
040304012407201904
040305003001201904
040305003003201904
040305003007201904
040305004901201904
040305004907201904
040305005701201904
040305006501201904
040305006507201904
040305007301201904
040305007307201904
040305009001201904
040305009007201904
040305009009201904
040305010301201904
040305010307201904
040305010309201904
040305011101201904
040305011107201904
040305012001201904
040305012007201904
040305013801201904
040305013807201904
040305014601201904
040305014607201904
040305015401201904
040305015407201904
040305016201201904
040306001001201904
040306001007201904
040306002801201904
040306002807201904
040306003601201904
040306003607201904
040306004401201904
040306004407201904
040306005201201904
040306005207201904
040306006001201904
040306006007201904
040306007901201904
040306007907201904
040306008701201904
040306008707201904
040306009501201904
040306009507201904
040307001501201904
040307004001201904
040307004007201904
040307005801201904
040307005807201904
040307008201201904
040307009001201904
040307010401201904
040307011201201904
040307012001201904
040307013901201904
040307013907201904
040307014701201904
040307014707201904
040307015501201904
040307015507201904
040307016301201904
040307016307201904
040308001001201904
040308002901201904
040308003701201904
040308004501201904
040308005301201904
040308005307201904
040308006101201904
040308007001201904
040308007007201904
040308008801201904
040308008807201904
040308009601201904
040308009607201904
040308010001201904
040401001601201904
040401001605201904
040401001609201904
040401002401201904
040401002407201904
040401002409201904
040401003201201904
040401003207201904
040401003209201904
040401004001201904
040401004007201904
040401004009201904
040401005901201904
040401005907201904
040401005909201904
040401006701201904
040401006707201904
040401006709201904
040401008301201904
040401008307201904
040401008309201904
040401010501201904
040401010507201904
040401010509201904
040401011301201904
040401011307201904
040401011309201904
040401012101201904
040401012107201904
040401012109201904
040401013001201904
040401013007201904
040401013009201904
040401014801201904
040401014807201904
040401014809201904
040401016401201904
040401016407201904
040401016409201904
040401017201201904
040401017207201904
040401018001201904
040401018007201904
040401019901201904
040401019907201904
040401020201201904
040401020207201904
040401021001201904
040401021007201904
040401021009201904
040401022901201904
040401022907201904
040401022909201904
040401023701201904
040401023707201904
040401023709201904
040401028801201904
040401028807201904
040401028809201904
040401031801201904
040401031807201904
040401031809201904
040401032601201904
040401032607201904
040401032609201904
040401033401201904
040401033407201904
040401033409201904
040401035001201904
040401035007201904
040401035009201904
040401037701201904
040401037707201904
040401037709201904
040401038501201904
040401038507201904
040401038509201904
040401040701201904
040401040707201904
040401040709201904
040401041501201904
040401041507201904
040401041509201904
040401043101201904
040401043107201904
040401045801201904
040401045807201904
040401046601201904
040401046607201904
040401046609201904
040401047401201904
040401047407201904
040401047409201904
040401048201201904
040401048207201904
040401048209201904
040401049001201904
040401049007201904
040401049009201904
040401050401201904
040401050407201904
040401050409201904
040401051201201904
040401051207201904
040401051209201904
040401052001201904
040401052007201904
040401052009201904
040401053901201904
040401053907201904
040401053909201904
040401054701201904
040401054707201904
040401055501201904
040401055507201904
040401055509201904
040401056301201904
040401056309201904
040401057101201904
040401057107201904
040401058001201904
040401058007201904
040401059801201904
040401059807201904
040401060101201904
040401060107201904
040401061001201904
040401061007201904
040401062801201904
040401062807201904
040401063601201904
040401063607201904
040401064401201904
040401064407201904
040401065201201904
040401065207201904
040402001101201904
040402001107201904
040402001109201904
040402003801201904
040402003807201904
040402003809201904
040402004601201904
040402004607201904
040402004609201904
040402006201201904
040402006207201904
040402007001201904
040402007007201904
040402007009201904
040402008901201904
040402008907201904
040402008909201904
040402010001201904
040402010003201904
040402010007201904
040402010009201904
040402011901201904
040402011907201904
040402011909201904
040402013501201904
040402013507201904
040402014301201904
040402014307201904
040402014309201904
040402017801201904
040402017807201904
040402020801201904
040402020807201904
040402020809201904
040402022401201904
040402022407201904
040402023201201904
040402023207201904
040402023209201904
040402024001201904
040402024007201904
040402024009201904
040402027501201904
040402027507201904
040402029101201904
040402029107201904
040402031301201904
040402031307201904
040402031309201904
040402032101201904
040402032107201904
040402032109201904
040402034801201904
040402034807201904
040402034809201904
040402035601201904
040402035607201904
040402035609201904
040402038001201904
040402038007201904
040402039901201904
040402039907201904
040402039909201904
040402042901201904
040402042907201904
040402042909201904
040402045301201904
040402045307201904
040402045309201904
040402046101201904
040402046107201904
040402046109201904
040402047001201904
040402047007201904
040402047009201904
040402048801201904
040402048807201904
040402048809201904
040402049601201904
040402049607201904
040402050001201904
040402050007201904
040402051801201904
040402051807201904
040402051809201904
040402052601201904
040402052607201904
040402053401201904
040402053407201904
040402054201201904
040402054207201904
040402054209201904
040402055001201904
040402055007201904
040402056901201904
040402056907201904
040402056909201904
040402057701201904
040402057707201904
040402057709201904
040402058501201904
040402058507201904
040402059301201904
040402059307201904
040402060701201904
040402060707201904
040402064001201904
040402064007201904
040402064009201904
040402065801201904
040402065807201904
040402065809201904
040402066601201904
040402066607201904
040402066609201904
040402069001201904
040402069007201904
040402070401201904
040402070407201904
040402071201201904
040402071207201904
040402071209201904
040402072001201904
040402072007201904
040402073901201904
040402073907201904
040402077101201904
040402077107201904
040402077109201904
040402078001201904
040402078007201904
040403001701201904
040403001707201904
040403001709201904
040403003301201904
040403003307201904
040403004101201904
040403004107201904
040403004109201904
040403005001201904
040403005007201904
040403005009201904
040403006801201904
040403006807201904
040403006809201904
040403007601201904
040403007607201904
040403007609201904
040403008401201904
040403008407201904
040403008409201904
040403010601201904
040403010607201904
040403010609201904
040403012201201904
040403012207201904
040403012209201904
040403013001201904
040403013007201904
040403013009201904
040403015701201904
040403015707201904
040403015709201904
040403016501201904
040403016507201904
040403016509201904
040403017301201904
040403017307201904
040403017309201904
040403019001201904
040403019007201904
040403019009201904
040403022001201904
040403022007201904
040403022009201904
040403024601201904
040403024607201904
040403024609201904
040403025401201904
040403025407201904
040403025409201904
040403026201201904
040403026207201904
040403026209201904
040403027001201904
040403027007201904
040403027009201904
040403028901201904
040403028907201904
040403029701201904
040403029707201904
040403030001201904
040403030007201904
040403031901201904
040403031907201904
040403031909201904
040403032701201904
040403032707201904
040501001001201904
040501001007201904
040501001009201904
040501002801201904
040501002807201904
040501002809201904
040501003601201904
040501003607201904
040501003609201904
040501007901201904
040501007907201904
040501007909201904
040501008701201904
040501008707201904
040501008709201904
040501011701201904
040501011707201904
040501011709201904
040501012501201904
040501012507201904
040501012509201904
040501013301201904
040501013307201904
040501013309201904
040501015001201904
040501015007201904
040501015009201904
040501017601201904
040501017607201904
040501017609201904
040502001501201904
040502001507201904
040502001509201904
040502002301201904
040502002307201904
040502002309201904
040503001001201904
040503001007201904
040503001009201904
040503002901201904
040503002907201904
040503002909201904
040503007001201904
040503007007201904
040503007009201904
040503009601201904
040503009607201904
040503009609201904
040503011801201904
040503011807201904
040503011809201904
040503013401201904
040503013407201904
040503013409201904
040503014201201904
040503014207201904
040503014209201904
040503016901201904
040503016907201904
040503016909201904
040503017701201904
040503017707201904
040503017709201904
040503018501201904
040503018507201904
040503019301201904
040503019307201904
040503020701201904
040503020707201904
040503020709201904
040504001601201904
040504001607201904
040504001609201904
040504002401201904
040504002407201904
040504002409201904
040504004001201904
040504004007201904
040504004009201904
040504005901201904
040504005907201904
040504005909201904
040504006701201904
040504006707201904
040504006709201904
040504007501201904
040504007507201904
040504007509201904
040504008301201904
040504008307201904
040504008309201904
040504009101201904
040504009107201904
040504009109201904
040504010501201904
040504010507201904
040504010509201904
040504014801201904
040504014807201904
040504014809201904
040504015601201904
040504015607201904
040504015609201904
040504016401201904
040504016407201904
040504016409201904
040504018001201904
040504018007201904
040504020201201904
040504020207201904
040504020209201904
040504021001201904
040504021007201904
040504021009201904
040505001101201904
040505001107201904
040505001109201904
040505004601201904
040505004607201904
040505004609201904
040505005401201904
040505005407201904
040505005409201904
040505009701201904
040505009707201904
040505009709201904
040505010001201904
040505010007201904
040505010009201904
040505011901201904
040505011907201904
040505011909201904
040505013501201904
040505013507201904
040505013509201904
040505014301201904
040505014307201904
040505014309201904
040505015101201904
040505015107201904
040505015109201904
040505018601201904
040505018607201904
040505018609201904
040505021601201904
040505021607201904
040505021609201904
040505022401201904
040505022407201904
040505022409201904
040505023201201904
040505023207201904
040505023209201904
040505031301201904
040505031307201904
040505031309201904
040505032101201904
040505032107201904
040505032109201904
040505035601201904
040505035607201904
040505035609201904
040505037201201904
040505037207201904
040505037209201904
040505038001201904
040505038007201904
040505038009201904
040505039901201904
040505039907201904
040505039909201904
040505040201201904
040505040209201904
040601001301201904
040601001307201904
040601002101201904
040601003001201904
040601004801201904
040601005601201904
040601006401201904
040601007201201904
040601007207201904
040601008001201904
040601009901201904
040601010201201904
040601010207201904
040601011001201904
040601011007201904
040601013701201904
040601013707201904
040601015301201904
040601015307201904
040601016101201904
040601017001201904
040601017007201904
040601018801201904
040601019601201904
040601019607201904
040601020001201904
040601020007201904
040601021801201904
040601021807201904
040601022601201904
040601022607201904
040601023401201904
040601024201201904
040601025001201904
040601025007201904
040601026901201904
040601026907201904
040601027701201904
040601027707201904
040601028501201904
040601028507201904
040601029301201904
040601030701201904
040601031501201904
040601032301201904
040601033101201904
040601033107201904
040601034001201904
040601035801201904
040601036601201904
040601036607201904
040601037401201904
040601037407201904
040601038201201904
040601039001201904
040601039007201904
040601040401201904
040601041201201904
040601041207201904
040601042001201904
040601042007201904
040601043901201904
040601044701201904
040601044707201904
040601045501201904
040601046301201904
040601046307201904
040601047101201904
040601047107201904
040601048001201904
040601049801201904
040601049807201904
040601050101201904
040601051001201904
040601051007201904
040601052801201904
040601052807201904
040601053601201904
040601054401201904
040601055201201904
040601056001201904
040601056007201904
040601056009201904
040601057901201904
040601058701201904
040601058709201904
040601059501201904
040601060901201904
040601061701201904
040601062501201904
040601063301201904
040601063309201904
040601064101201904
040601064107201904
040601064109201904
040601065001201904
040601065009201904
040601066801201904
040601066807201904
040601066809201904
040601067601201904
040601067607201904
040601067609201904
040601068401201904
040601068407201904
040601068409201904
040601069201201904
040601069207201904
040601070601201904
040601071401201904
040601071407201904
040601071409201904
040601073001201904
040601075701201904
040601075707201904
040601076501201904
040601076507201904
040601077301201904
040601077307201904
040601078101201904
040601078107201904
040601079001201904
040601079009201904
040601080301201904
040601080307201904
040601081101201904
040601082001201904
040601082007201904
040601083801201904
040601084601201904
040601085401201904
040601085409201904
040601086201201904
040601086209201904
040601087001201904
040601087009201904
040601088901201904
040601089701201904
040601090001201904
040601090007201904
040601091901201904
040601091907201904
040601091909201904
040601092701201904
040601093501201904
040601094301201904
040601095101201904
040601096001201904
040601096003201904
040601096007201904
040601097801201904
040601097803201904
040601097807201904
040601098601201904
040601099401201904
040601100101201904
040601100109201904
040601101001201904
040601101009201904
040601102801201904
040601102809201904
040601103601201904
040601103609201904
040601104401201904
040601104407201904
040601104409201904
040601105201201904
040601105209201904
040601107901201904
040601108701201904
040601108709201904
040601109501201904
040601109509201904
040601110901201904
040601110909201904
040601111701201904
040601111709201904
040601112501201904
040601112509201904
040601113301201904
040601113307201904
040601113309201904
040601114101201904
040601114109201904
040601115001201904
040601115007201904
040601115009201904
040601116801201904
040601116809201904
040601117601201904
040601117609201904
040601118401201904
040601118409201904
040601119201201904
040601119209201904
040601120601201904
040601121401201904
040601121407201904
040601122201201904
040601122207201904
040601123001201904
040601124901201904
040601125701201904
040601126501201904
040601126507201904
040601127301201904
040601127307201904
040601128101201904
040601128107201904
040601129001201904
040601129007201904
040601130301201904
040601130307201904
040601131101201904
040601131107201904
040601132001201904
040601132007201904
040601133801201904
040601133807201904
040601134601201904
040601134607201904
040601135401201904
040601135407201904
040601136201201904
040601136207201904
040601137001201904
040601137007201904
040601138901201904
040601138907201904
040601139701201904
040601139707201904
040601140001201904
040601140007201904
040601141901201904
040601141907201904
040601142701201904
040601142707201904
040601143501201904
040601143507201904
040601144301201904
040601144307201904
040601145101201904
040601145107201904
040601146001201904
040601146007201904
040601147801201904
040601147807201904
040601148601201904
040601148607201904
040601149401201904
040601149407201904
040601150801201904
040601150807201904
040601151601201904
040601151607201904
040602001901201904
040602001907201904
040602002701201904
040602002707201904
040602003501201904
040602003507201904
040602004301201904
040602004307201904
040602005101201904
040602005107201904
040602007801201904
040602007807201904
040602007809201904
040602010801201904
040602011601201904
040602011607201904
040602011609201904
040602012401201904
040602012407201904
040602015901201904
040602015907201904
040602015909201904
040602016701201904
040602016707201904
040602016709201904
040602019101201904
040602019107201904
040602021301201904
040602022101201904
040602023001201904
040602024801201904
040602024807201904
040602025601201904
040602025607201904
040602026401201904
040602026407201904
040602027201201904
040602027207201904
040602028001201904
040602028007201904
040602030201201904
040602030207201904
040602031001201904
040602031007201904
040602032901201904
040602032907201904
040602033701201904
040602033707201904
040602034501201904
040602034507201904
040602035301201904
040602035307201904
040602036101201904
040602036107201904
040602037001201904
040602037007201904
040602038801201904
040602038807201904
040602039601201904
040602039607201904
040602040001201904
040602040007201904
040602041801201904
040602041807201904
040602042601201904
040602042607201904
040602043401201904
040602043407201904
040602044201201904
040602044207201904
040602045001201904
040602046901201904
040602046907201904
040602047701201904
040602047707201904
040602048501201904
040602048507201904
040602049301201904
040602049307201904
040602050701201904
040602050707201904
040602051501201904
040602051507201904
040602052301201904
040602053101201904
040602053107201904
040602054001201904
040602054007201904
040602055801201904
040602055807201904
040602056601201904
040602056607201904
040602056609201904
040602057401201904
040602057407201904
040602057409201904
040602058201201904
040602058207201904
040602059001201904
040602059007201904
040602060401201904
040602060407201904
040602060409201904
040602062001201904
040602062003201904
040602062007201904
040602062009201904
040603001401201904
040603002201201904
040603003001201904
040603004901201904
040603005701201904
040603005707201904
040603006501201904
040603007301201904
040603008101201904
040603008107201904
040603009001201904
040603009007201904
040603010301201904
040603010307201904
040603011101201904
040603011107201904
040603012001201904
040603012007201904
040603013801201904
040603013807201904
040603014601201904
040603014607201904
040604001001201904
040604001007201904
040604002801201904
040604002807201904
040604004401201904
040604004407201904
040604005201201904
040604005207201904
040604006001201904
040604006007201904
040604007901201904
040604007907201904
040604008701201904
040604009501201904
040604010901201904
040604010907201904
040604011701201904
040604011707201904
040604012501201904
040604012507201904
040604013301201904
040604014101201904
040604014107201904
040604015001201904
040604016801201904
040604017601201904
040604018401201904
040604019201201904
040604019207201904
040604020601201904
040604020607201904
040604020609201904
040604021401201904
040604021407201904
040604022201201904
040604022207201904
040604023001201904
040604023007201904
040604024901201904
040604024907201904
040604025701201904
040604025707201904
040604025709201904
040604026501201904
040604026507201904
040604027301201904
040604027307201904
040604027309201904
040604028101201904
040604029001201904
040604029007201904
040604029009201904
040604030301201904
040604030307201904
040604030309201904
040604031101201904
040604031107201904
040604031109201904
040604032001201904
040604032007201904
040604033801201904
040604033807201904
040605001501201904
040605001507201904
040605001509201904
040605002301201904
040605002307201904
040605002309201904
040605003101201904
040605003107201904
040605003109201904
040605004001201904
040605004007201904
040605004009201904
040605005801201904
040605005807201904
040605005809201904
040605006601201904
040605006607201904
040605006609201904
040605007401201904
040605007407201904
040605007409201904
040605008201201904
040605008207201904
040605008209201904
040605009001201904
040605009007201904
040605010401201904
040605010407201904
040605011201201904
040605012001201904
040605012007201904
040605012009201904
040605013901201904
040605013907201904
040605013909201904
040701001701201904
040701001707201904
040701003301201904
040701003307201904
040701004101201904
040701005001201904
040701005007201904
040701006801201904
040701006807201904
040701007601201904
040701008401201904
040701008407201904
040701009201201904
040701009207201904
040701010601201904
040701010607201904
040701011401201904
040701011407201904
040701012201201904
040701013001201904
040701014901201904
040701015701201904
040701015707201904
040701016501201904
040701016507201904
040701017301201904
040701018101201904
040701019001201904
040701019007201904
040701020301201904
040701020307201904
040701021101201904
040701021107201904
040701021109201904
040701022001201904
040701022007201904
040701022009201904
040701023801201904
040701023807201904
040701027001201904
040701027007201904
040701028901201904
040701029701201904
040701029707201904
040701030001201904
040701033501201904
040701033507201904
040701034301201904
040701034307201904
040701035101201904
040701035107201904
040701036001201904
040701037801201904
040701038601201904
040702001201201904
040702002001201904
040702003901201904
040702003907201904
040702004701201904
040702004707201904
040702006301201904
040702006307201904
040702007101201904
040702007107201904
040702008001201904
040702008007201904
040702009801201904
040702009807201904
040702010101201904
040702010107201904
040702011001201904
040702011007201904
040702011009201904
040702013601201904
040702013607201904
040702013609201904
040702014401201904
040702014407201904
040702014409201904
040702015201201904
040702015207201904
040702017901201904
040702017907201904
040702018701201904
040702018707201904
040702019501201904
040702019507201904
040702020901201904
040702020907201904
040702021701201904
040702021709201904
040702022501201904
040702022507201904
040702022509201904
040702023301201904
040702023307201904
040702024101201904
040702024107201904
040702025001201904
040702025007201904
040702026801201904
040702026807201904
040702026809201904
040702027601201904
040702027607201904
040702027609201904
040702028401201904
040702028407201904
040702028409201904
040702029201201904
040702029207201904
040702030601201904
040702030607201904
040702032201201904
040702032207201904
040702032209201904
040702033001201904
040702034901201904
040702035701201904
040702036501201904
040702036507201904
040702038101201904
040702038107201904
040702040301201904
040702040307201904
040702041101201904
040702041107201904
040702042001201904
040702042007201904
040702043801201904
040702043807201904
040702044601201904
040702044607201904
040702045401201904
040702045407201904
040702045409201904
040702046201201904
040702046207201904
040702047001201904
040702047007201904
040702047009201904
040703001801201904
040703001807201904
040703002601201904
040703002607201904
040703003401201904
040703003407201904
040703003409201904
040703004201201904
040703004207201904
040703005001201904
040703005007201904
040703006901201904
040703006907201904
040703007701201904
040703007707201904
040703007709201904
040703012301201904
040703012307201904
040703013101201904
040703013107201904
040703014001201904
040703014007201904
040703015801201904
040703015807201904
040703016601201904
040703016607201904
040703017401201904
040703017407201904
040703018201201904
040703018207201904
040703019001201904
040703019007201904
040703020401201904
040703021201201904
040703022001201904
040703024701201904
040704001301201904
040704001307201904
040704002101201904
040704002107201904
040704003001201904
040704003007201904
040704004801201904
040704004807201904
040704005601201904
040704005607201904
040704006401201904
040704006407201904
040704006409201904
040704007201201904
040704007207201904
040704007209201904
040704008001201904
040704008007201904
040704008009201904
040704009901201904
040704009907201904
040704009909201904
040704010201201904
040704010207201904
040704010209201904
040704011001201904
040704011007201904
040704011009201904
040704012901201904
040704012907201904
040704012909201904
040704013701201904
040704013707201904
040704013709201904
040704014501201904
040704014507201904
040704014509201904
040704015301201904
040704015307201904
040704015309201904
040704016101201904
040704016107201904
040704017001201904
040704017007201904
040704017009201904
040704018801201904
040704018807201904
040704020001201904
040704020007201904
040704022601201904
040704022607201904
040704022609201904
040704023401201904
040704023407201904
040704024201201904
040704024207201904
040704025001201904
040704025007201904
040704026901201904
040704026907201904
040801001001201904
040801001007201904
040801002901201904
040801002907201904
040801003701201904
040801003707201904
040801004501201904
040801005301201904
040801006101201904
040801007001201904
040801007007201904
040801008801201904
040801008807201904
040801009601201904
040801009607201904
040801009609201904
040801010001201904
040801010007201904
040801010009201904
040801011801201904
040801011807201904
040801011809201904
040801013401201904
040801013407201904
040801013409201904
040801014201201904
040801014207201904
040801014209201904
040801015001201904
040801015007201904
040801015009201904
040801016901201904
040801016907201904
040801017701201904
040801017707201904
040801018501201904
040801018507201904
040801018509201904
040801019301201904
040801019307201904
040801020701201904
040801020707201904
040801020709201904
040801021501201904
040801021509201904
040801022301201904
040801022307201904
040801022309201904
040801023101201904
040801023109201904
040802001601201904
040802001607201904
040802002401201904
040802002407201904
040802003201201904
040802003207201904
040802004001201904
040802005901201904
040802006701201904
040802007501201904
040802008301201904
040802009101201904
040802010501201904
040802010507201904
040802010509201904
040802011301201904
040802011307201904
040802012101201904
040802012107201904
040802012109201904
040802013001201904
040802013007201904
040802014801201904
040802014807201904
040802014809201904
040802015601201904
040802015607201904
040802016401201904
040802016407201904
040802016409201904
040802017201201904
040802017207201904
040802017209201904
040802018001201904
040802018007201904
040802018009201904
040802019901201904
040802019907201904
040802019909201904
040802020201201904
040802020207201904
040802020209201904
040802021001201904
040802021007201904
040802022901201904
040802022907201904
040802022909201904
040802024501201904
040802024507201904
040802024509201904
040802025301201904
040802025307201904
040802026101201904
040802026107201904
040802027001201904
040802027007201904
040802028801201904
040802028807201904
040802029601201904
040802029607201904
040802029609201904
040802030001201904
040802030007201904
040802030009201904
040802031801201904
040802031807201904
040802031809201904
040802032601201904
040802032607201904
040802032609201904
040802033401201904
040802033407201904
040802034201201904
040802034207201904
040802034209201904
040802035001201904
040802035007201904
040802036901201904
040802036907201904
040802037701201904
040802037707201904
040802037709201904
040802038501201904
040802038507201904
040802039301201904
040802039307201904
040802040701201904
040802040707201904
040802041501201904
040802041507201904
040802042301201904
040802042307201904
040802043101201904
040802043107201904
040802044001201904
040802044007201904
040802044009201904
040802045801201904
040802045807201904
040802046601201904
040802046607201904
040802047401201904
040802047407201904
040802047409201904
040802048201201904
040802048207201904
040802048209201904
040802049001201904
040802049007201904
040802049009201904
040802050401201904
040802050407201904
040802050409201904
040802051201201904
040802051207201904
040802051209201904
040802052001201904
040802052007201904
040802052009201904
040802053901201904
040802053907201904
040802053909201904
040802054701201904
040802054707201904
040802055501201904
040802055507201904
040802055509201904
040802056301201904
040802056307201904
040802057101201904
040802057107201904
040802058001201904
040802058007201904
040802059801201904
040802059807201904
040802059809201904
040802060101201904
040802060107201904
040802060109201904
040802061001201904
040802061007201904
040802061009201904
040802062801201904
040802062807201904
040802062809201904
040802063601201904
040802063607201904
040802063609201904
040802064401201904
040802064407201904
040802064409201904
040803001101201904
040803001107201904
040803002001201904
040803002007201904
040803003801201904
040803003807201904
040803004601201904
040803005401201904
040803005407201904
040803006201201904
040803006207201904
040803007001201904
040803007007201904
040803008901201904
040803008907201904
040803009701201904
040803009707201904
040803010001201904
040803010007201904
040803011901201904
040803011907201904
040803012701201904
040803012707201904
040803013501201904
040803014301201904
040803015101201904
040803016001201904
040803017801201904
040803017807201904
040803018601201904
040803019401201904
040803020801201904
040803021601201904
040803022401201904
040803023201201904
040803023207201904
040803024001201904
040803024007201904
040803025901201904
040803025907201904
040803026701201904
040803026707201904
040803027501201904
040803027507201904
040803028301201904
040803028307201904
040803029101201904
040803029107201904
040803030501201904
040803030507201904
040803031301201904
040803031307201904
040803032101201904
040803032107201904
040803033001201904
040803033007201904
040803034801201904
040803034807201904
040803035601201904
040803036401201904
040803036407201904
040803037201201904
040803037207201904
040803038001201904
040803038007201904
040803039901201904
040803039907201904
040803040201201904
040803040207201904
040803041001201904
040803041007201904
040803042901201904
040803042907201904
040803043701201904
040803043707201904
040803044501201904
040803044507201904
040803045301201904
040803045307201904
040803046101201904
040803046107201904
040803047001201904
040803047007201904
040803050001201904
040803050007201904
040803051801201904
040803051807201904
040803052601201904
040803052607201904
040803053401201904
040803053407201904
040803054201201904
040803054207201904
040803055001201904
040803055007201904
040803056901201904
040803056907201904
040803057701201904
040803057707201904
040803058501201904
040803058507201904
040803059301201904
040803059307201904
040803060701201904
040803060707201904
040803061501201904
040803061507201904
040803062301201904
040803062307201904
040803063101201904
040803063107201904
040803064001201904
040803064007201904
040803065801201904
040803065807201904
040803066601201904
040803066607201904
040803067401201904
040803067407201904
040803068201201904
040803068207201904
040803069001201904
040803069007201904
040803070401201904
040803071201201904
040803071207201904
040803072001201904
040803072007201904
040803073901201904
040803073907201904
040803074701201904
040803074707201904
040803075501201904
040803075507201904
040803075509201904
040803076301201904
040803076307201904
040803077101201904
040803077107201904
040803078001201904
040803079801201904
040803080101201904
040803080107201904
040803081001201904
040803081007201904
040803082801201904
040803082807201904
040803083601201904
040803083607201904
040803084401201904
040803084407201904
040803085201201904
040803085207201904
040803086001201904
040803086007201904
040803087901201904
040803087907201904
040803088701201904
040803088707201904
040803089501201904
040803089507201904
040803090901201904
040803090907201904
040803091701201904
040803091707201904
040804001701201904
040804001707201904
040804002501201904
040804002507201904
040804003301201904
040804003307201904
040804004101201904
040804004107201904
040804005001201904
040804006801201904
040804007601201904
040804008401201904
040804009201201904
040804010601201904
040804010607201904
040804011401201904
040804011407201904
040804012201201904
040804012207201904
040804013001201904
040804013007201904
040804014901201904
040804014907201904
040804015701201904
040804015707201904
040804016501201904
040804016507201904
040804017301201904
040804017307201904
040804018101201904
040804018107201904
040804018109201904
040804019001201904
040804019007201904
040804019009201904
040804020301201904
040804020307201904
040804022001201904
040804022007201904
040804023801201904
040804023807201904
040804024601201904
040804024607201904
040804025401201904
040804025407201904
040804026201201904
040804026207201904
040804027001201904
040804027007201904
040804028901201904
040804028907201904
040804029701201904
040804029707201904
040804030001201904
040804030007201904
040804031901201904
040804031907201904
040804032701201904
040804032707201904
040804033501201904
040804033507201904
040804034301201904
040804034307201904
040805001201201904
040805001207201904
040805002001201904
040805002007201904
040805003901201904
040805003907201904
040805004701201904
040805004707201904
040805005501201904
040805006301201904
040805007101201904
040805008001201904
040805008007201904
040805010101201904
040805010107201904
040805011001201904
040805011007201904
040805012801201904
040805012807201904
040805013601201904
040805013607201904
040805014401201904
040805014407201904
040805014409201904
040805015201201904
040805015207201904
040805016001201904
040805016007201904
040805016009201904
040805017901201904
040805017907201904
040805019501201904
040805019507201904
040805019509201904
040805020901201904
040805020907201904
040805020909201904
040805021701201904
040805021707201904
040805021709201904
040805022501201904
040805022507201904
040805022509201904
040805023301201904
040805023307201904
040805024101201904
040805024107201904
040805024109201904
040805025001201904
040805025007201904
040805025009201904
040805026801201904
040805026807201904
040805026809201904
040805027601201904
040805027607201904
040805027609201904
040805028401201904
040805028407201904
040805028409201904
040805029201201904
040805029207201904
040805029209201904
040805030601201904
040805030607201904
040805031401201904
040805031407201904
040805032201201904
040805032207201904
040805032209201904
040805033001201904
040805033007201904
040805034901201904
040805034907201904
040805034909201904
040805035701201904
040805035707201904
040805035709201904
040805036501201904
040805036507201904
040805037301201904
040805037307201904
040805037309201904
040805038101201904
040805038107201904
040805039001201904
040805039007201904
040805039009201904
040805040301201904
040805041101201904
040805041107201904
040805042001201904
040805042007201904
040805043801201904
040805043807201904
040805044601201904
040805044607201904
040805044609201904
040805045401201904
040805045407201904
040805046201201904
040805046207201904
040805047001201904
040805047007201904
040805048901201904
040805048907201904
040805049701201904
040805049707201904
040805050001201904
040805050007201904
040805051901201904
040805051907201904
040805052701201904
040805052707201904
040805053501201904
040805053507201904
040805054301201904
040805054307201904
040805055101201904
040805055107201904
040805056001201904
040805056007201904
040805057801201904
040805057807201904
040805058601201904
040805058607201904
040805059401201904
040805059407201904
040805060801201904
040805060807201904
040805061601201904
040805061607201904
040805062401201904
040805062407201904
040805063201201904
040805063207201904
040805064001201904
040805064007201904
040805064009201904
040805065901201904
040805065907201904
040805065909201904
040805066701201904
040805066709201904
040805067501201904
040805067507201904
040805068301201904
040805068307201904
040805069101201904
040805069107201904
040805069109201904
040805070501201904
040805070507201904
040805071301201904
040805071307201904
040805072101201904
040805072107201904
040805073001201904
040805073007201904
040805073009201904
040805074801201904
040805074807201904
040805074809201904
040805075601201904
040805075607201904
040805075609201904
040805076401201904
040805076407201904
040805076409201904
040805077201201904
040805077207201904
040805078001201904
040805078007201904
040805079901201904
040805079907201904
040805080201201904
040805080207201904
040805081001201904
040805081007201904
040805082901201904
040805082907201904
040805082909201904
040805083701201904
040805083707201904
040805084501201904
040805084507201904
040805085301201904
040805085307201904
040805086101201904
040805086107201904
040805087001201904
040805087007201904
040805088801201904
040805088807201904
040805088809201904
040805089601201904
040805089607201904
040805089609201904
040805090001201904
040805091801201904
040805091807201904
040805091809201904
040805092601201904
040805092607201904
040805092609201904
040806001801201904
040806001807201904
040806001809201904
040806002601201904
040806002607201904
040806003401201904
040806003407201904
040806004201201904
040806004207201904
040806004209201904
040806005001201904
040806005007201904
040806005009201904
040806006901201904
040806006907201904
040806007701201904
040806007707201904
040806008501201904
040806008507201904
040806008509201904
040806009301201904
040806009307201904
040806010701201904
040806010707201904
040806011501201904
040806011507201904
040806011509201904
040806012301201904
040806012307201904
040806012309201904
040806013101201904
040806013107201904
040806013109201904
040806014001201904
040806014007201904
040806014009201904
040806015801201904
040806015807201904
040806015809201904
040806016601201904
040806016607201904
040806017401201904
040806017407201904
040806018201201904
040806018207201904
040806019001201904
040806019007201904
040806020401201904
040806020407201904
040806020409201904
040806021201201904
040806021207201904
040806021209201904
040806023901201904
040806023907201904
040806024701201904
040806024707201904
040806025501201904
040806025507201904
040806026301201904
040806026307201904
040806027101201904
040806027107201904
040806028001201904
040806028007201904
040806029801201904
040806029807201904
040806029809201904
040806030101201904
040806030107201904
040806030109201904
040806031001201904
040806031007201904
040806031009201904
040806032801201904
040806032807201904
040806032809201904
040806033601201904
040806033607201904
040806033609201904
040806034401201904
040806034407201904
040806034409201904
040806035201201904
040806035207201904
040806035209201904
040806036001201904
040806036007201904
040806036009201904
040806037901201904
040806037907201904
040806037909201904
040806038701201904
040806038707201904
040806039501201904
040806039507201904
040806039509201904
040806040901201904
040806040907201904
040806040909201904
040806041701201904
040806041707201904
040806041709201904
040806042501201904
040806042507201904
040806042509201904
040806043301201904
040806043307201904
040806043309201904
040806044101201904
040806044107201904
040806044109201904
040806045001201904
040806045007201904
040806045009201904
040806046801201904
040806046807201904
040806046809201904
040806047601201904
040806047607201904
040806047609201904
040806048401201904
040806048407201904
040806048409201904
040806049201201904
040806049207201904
040806050601201904
040806050607201904
040806051401201904
040806051407201904
040806052201201904
040806052207201904
040806053001201904
040806053007201904
040806053009201904
040806054901201904
040806054907201904
040806054909201904
040806055701201904
040806055707201904
040806056501201904
040806056507201904
040806056509201904
040806057301201904
040806057307201904
040806057309201904
040806058101201904
040806058107201904
040806058109201904
040806059001201904
040806059007201904
040806060301201904
040806060307201904
040806060309201904
040806061101201904
040806062001201904
040806062007201904
040806063801201904
040806063807201904
040806063809201904
040806064601201904
040806064607201904
040806066201201904
040806066207201904
040806067001201904
040806067007201904
040806067009201904
040806069701201904
040806069707201904
040806070001201904
040806070007201904
040806070009201904
040901001401201904
040901001407201904
040901002201201904
040901002207201904
040901003001201904
040901003007201904
040901004901201904
040901004907201904
040901005701201904
040901005707201904
040901006501201904
040901006507201904
040901006509201904
040901007301201904
040901007307201904
040901008101201904
040901008107201904
040901009001201904
040901009007201904
040901009009201904
040901012001201904
040901012007201904
040901012009201904
040901013801201904
040901013807201904
040901014601201904
040901014607201904
040901014609201904
040901017001201904
040901017007201904
040901017009201904
040901018901201904
040901018907201904
040901019701201904
040901019707201904
040901020001201904
040901020007201904
040901021901201904
040901022701201904
040901022707201904
040901023501201904
040901023507201904
040901024301201904
040901024307201904
040901025101201904
040901025107201904
040901026001201904
040901026007201904
040901028601201904
040901028607201904
040901029401201904
040901029407201904
040901030801201904
040901030807201904
040901031601201904
040901031607201904
040901032401201904
040901032407201904
040901033201201904
040901033207201904
040901034001201904
040901034007201904
040901036701201904
040901036707201904
040901037501201904
040901037507201904
040901037509201904
040901038301201904
040901038307201904
040901038309201904
040901039101201904
040901039107201904
040901039109201904
040901040501201904
040901040507201904
040901041301201904
040901041307201904
040901043001201904
040901043007201904
040901043009201904
040901045601201904
040901045607201904
040901046401201904
040901046407201904
040901047201201904
040901047207201904
040901048001201904
040901048007201904
040901048009201904
040901049901201904
040901050201201904
040901050207201904
040901051001201904
040901051007201904
040901051009201904
040901052901201904
040901052907201904
040901053701201904
040901053707201904
040901054501201904
040901054507201904
040901055301201904
040901055307201904
040901056101201904
040901056107201904
040901057001201904
040901057007201904
040901058801201904
040901058807201904
040902001001201904
040902001007201904
040902001009201904
040902002801201904
040902002807201904
040902002809201904
040902004401201904
040902004407201904
040902004409201904
040902005201201904
040902005207201904
040902007901201904
040902007907201904
040902007909201904
040902008701201904
040902008707201904
040902008709201904
040902009501201904
040902009507201904
040902009509201904
040902010901201904
040902010907201904
040902010909201904
040902012501201904
040902012507201904
040902012509201904
040902013301201904
040902013307201904
040902013309201904
040902014101201904
040902014107201904
040902014109201904
040902015001201904
040902015007201904
040902015009201904
040902016801201904
040902016807201904
040902016809201904
040902017601201904
040902017607201904
040902017609201904
040903001501201904
040903001509201904
040903002301201904
040903003101201904
040903004001201904
040904001001201904
040904001007201904
040904001009201904
040904003701201904
040904003707201904
040904003709201904
040904004501201904
040904004507201904
040904005301201904
040904005307201904
040904005309201904
040904007001201904
040904007007201904
040904007009201904
040904008801201904
040904008807201904
040904008809201904
040904009601201904
040904009607201904
040904009609201904
040904011801201904
040904011807201904
040904011809201904
040904012601201904
040904012607201904
040904012609201904
040904013401201904
040904013407201904
040904013409201904
040904014201201904
040904014209201904
040904015001201904
040904015007201904
040904015009201904
040904016901201904
040904016907201904
040904016909201904
040904017701201904
040904017707201904
040904017709201904
040904018501201904
040904018507201904
040904018509201904
040904019301201904
040904019307201904
040904019309201904
040904020701201904
040904020707201904
040904020709201904
040904021501201904
040904021507201904
040904021509201904
040904022301201904
040904022309201904
040904023101201904
040904023107201904
040904023109201904
040904024001201904
040904024009201904
040905001601201904
040905001607201904
040905002401201904
040905002407201904
040905002409201904
040905003201201904
040905003209201904
040905004001201904
040905004007201904
040905004009201904
040905007501201904
040905007507201904
040905007509201904
040905008301201904
040905008307201904
040905008309201904
040905009101201904
040905009107201904
040905009109201904
040905010501201904
040905010507201904
040905010509201904
040905011301201904
040905011307201904
040905011309201904
040905013001201904
040905014801201904
040906001101201904
040906001102201904
040906001107201904
040906001109201904
040906002001201904
040906003801201904
040906003809201904
040906004601201904
040906004607201904
040906004609201904
040906005401201904
040906005402201904
040906005409201904
040906007001201904
040906007002201904
040906007009201904
040906010001201904
040906010007201904
040906011901201904
040906011907201904
040906012701201904
040906012707201904
040906013501201904
040906013507201904
040906014301201904
040906014307201904
040906015101201904
040906015107201904
040906016001201904
040906016007201904
040906017801201904
040906017807201904
040906017809201904
040906018601201904
040906018609201904
040906019401201904
040906019407201904
040906019409201904
040906020801201904
040906020807201904
040906020809201904
040906021601201904
040906021607201904
040906021609201904
040906022401201904
040906022407201904
040906022409201904
040906023201201904
040906023202201904
040906023207201904
040906023209201904
040906024001201904
040906024002201904
040906024007201904
040906024009201904
040906025901201904
040906025902201904
040906025907201904
040906025909201904
040906026701201904
040906026702201904
040906026707201904
040906026709201904
040906027501201904
040906027507201904
040906027509201904
040906028301201904
040906028307201904
040906029101201904
040907001701201904
040907001709201904
040907002501201904
040907002509201904
040907003301201904
040907003309201904
040907004101201904
040907004109201904
040907005001201904
040907006801201904
040907006809201904
040907007601201904
040907007609201904
040907008401201904
040907008409201904
040907009201201904
040907009207201904
040907009209201904
040907010601201904
040907010607201904
040907010609201904
040907011401201904
040907011407201904
040907013001201904
040907013007201904
040907013009201904
040907014901201904
040907014907201904
040907014909201904
040907015701201904
040907015707201904
040907015709201904
040907019001201904
040907019009201904
040907020301201904
040907021101201904
040907021107201904
040907022001201904
040907022007201904
040907022009201904
040907023801201904
040907023807201904
040907024601201904
040907024607201904
040907025401201904
040907025407201904
040907026201201904
040907026207201904
040907026209201904
040907027001201904
040907027009201904
040907028901201904
040907028907201904
040907028909201904
040907029701201904
040907030001201904
040907030009201904
041001001401201904
041001001407201904
041001001409201904
041001005701201904
041001006501201904
041001006507201904
041001006509201904
041001007301201904
041001007307201904
041001007309201904
041001008101201904
041001008107201904
041001008109201904
041001009001201904
041001009009201904
041001011101201904
041001011107201904
041001011109201904
041001012001201904
041001012007201904
041001013801201904
041001014601201904
041001015401201904
041001016201201904
041001019701201904
041001020001201904
041101001801201904
041101001802201904
041101001809201904
041101002601201904
041101002602201904
041101003401201904
041101003402201904
041101004201201904
041101004202201904
041101005001201904
041101005002201904
041101005009201904
041101007701201904
041101007702201904
041101007709201904
041101008501201904
041101008502201904
041102001301201904
041102001302201904
041102001309201904
041102002101201904
041102002102201904
041102002109201904
041102003001201904
041102003002201904
041102004801201904
041102004802201904
041201001101201904
041201001107201904
041201002001201904
041201002007201904
041201003801201904
041201003807201904
041201003809201904
041201004601201904
041201004607201904
041201004609201904
041201007001201904
041201007007201904
041201008901201904
041201008907201904
041201009701201904
041201009707201904
041201010001201904
041201010007201904
041201011901201904
041201011907201904
041201013501201904
041201013507201904
041201014301201904
041201014307201904
041202001701201904
041202001707201904
041202002501201904
041202002507201904
041202003301201904
041202003307201904
041202005001201904
041202005007201904
041202006801201904
041202006807201904
041202007601201904
041202007607201904
041202008401201904
041202008407201904
041203001201201904
041203001207201904
041203004701201904
041203004707201904
041203008001201904
041203008007201904
041203009801201904
041203009807201904
041203009809201904
041203010101201904
041203010107201904
041203011001201904
041203011007201904
041204001801201904
041204001807201904
041204001809201904
041204002601201904
041204002607201904
041204003401201904
041204003407201904
041204004201201904
041204004207201904
041204005001201904
041204005007201904
041204006901201904
041204006907201904
041204008501201904
041204008507201904
041204008509201904
041204010701201904
041204010707201904
041204011501201904
041204011507201904
041204012301201904
041204012307201904
041204013101201904
041204013107201904
041204015801201904
041204015807201904
041204016601201904
041204016607201904
041204017401201904
041204017407201904
041204018201201904
041204018207201904
041204019001201904
041204019007201904
041204020401201904
041204020407201904
041204021201201904
041204021207201904
041204022001201904
041204022007201904
041204022009201904
041205001301201904
041205001307201904
041205003001201904
041205003007201904
041205004801201904
041205004807201904
041205006401201904
041205006407201904
041205007201201904
041205007207201904
041205008001201904
041205008007201904
041205010201201904
041205010207201904
041205011001201904
041205011007201904
041205013701201904
041205013707201904
041205014501201904
041205014507201904
041205015301201904
041205015307201904
041205016101201904
041205016107201904
041301001501201904
041301001507201904
041301006601201904
041301008201201904
041301008207201904
041301009001201904
041301009007201904
041303001601201904
041303001607201904
041303001609201904
041303002401201904
041303002407201904
041303002409201904
041303003201201904
041303003209201904
041303005901201904
041303005907201904
041303005909201904
041303006701201904
041303006709201904
041303007501201904
041303007509201904
041303008301201904
041303008307201904
041303008309201904
041304002001201904
041304002007201904
041304003801201904
041304004601201904
041304005401201904
041304005409201904
041304006201201904
041304006209201904
041304007001201904
041304007009201904
041304008901201904
041304008909201904
041304009701201904
041304009707201904
041304010001201904
041304010007201904
041304011901201904
041304011907201904
041304011909201904
041304012701201904
041304012707201904
041304012709201904
041304013501201904
041304013507201904
041304013509201904
041304014301201904
041304014307201904
041304014309201904
041304015101201904
041304015107201904
041304015109201904
041304016001201904
041304016007201904
041304017801201904
041304017807201904
041304018601201904
041304018607201904
041304018609201904
041304019401201904
041304019407201904
041304019409201904
041304020801201904
041304020807201904
041304020809201904
041304021601201904
041304021607201904
041304021609201904
041304022401201904
041304022407201904
041304022409201904
041304023201201904
041304023207201904
041304023209201904
041304024001201904
041304024007201904
041304025901201904
041304025909201904
041304026701201904
041401002701201904
041401003501201904
041401025601201904
041401025607201904
041401025609201904
041401027201201904
041401027207201904
041401027209201904
041401032901201904
041401032907201904
041401032909201904
041401034501201904
041401034507201904
041401034509201904
041402002201201904
041402002203201904
041402002207201904
041402002209201904
041402003001201904
041402003003201904
041402003007201904
041402003009201904
041402004901201904
041402004903201904
041402004907201904
041402004909201904
041402005701201904
041402005703201904
041402005707201904
041402005709201904
041402006501201904
041402006503201904
041402006507201904
041402006509201904
041402007301201904
041402007303201904
041402007307201904
041402007309201904
041402008101201904
041402008103201904
041402008107201904
041402008109201904
041402009001201904
041402009003201904
041402009007201904
041402009009201904
041402014601201904
041402014603201904
041402014607201904
041402014609201904
041402015401201904
041402015403201904
041402015407201904
041402015409201904
041402016201201904
041402016203201904
041402016207201904
041402016209201904
041402020001201904
041402020003201904
041402020007201904
041402020009201904
041402021901201904
041402021903201904
041402021907201904
041402021909201904
041402024301201904
041402024303201904
041402024307201904
041402024309201904
041402027801201904
041402027803201904
041402027807201904
041402027809201904
041402029401201904
041402029403201904
041402029407201904
041402029409201904
041402036701201904
041402036703201904
041402036707201904
041402036709201904
041402037501201904
041402037503201904
041402037507201904
041402037509201904
041402041301201904
041402041303201904
041402041307201904
041402041309201904
041501001201201904
041501001207201904
041502001801201904
041502003401201904
041502003407201904
041502004201201904
041502004207201904
041502005001201904
041502005007201904
041502006901201904
041502006907201904
041502007701201904
041502007707201904
041503001301201904
041503001307201904
041504002701201904
041504002707201904
041504003501201904
041504003507201904
041601001601201904
041601001607201904
041601002401201904
041601002407201904
041601003201201904
041601003207201904
041601004001201904
041601004007201904
041601007501201904
041601007507201904
041601009101201904
041601009107201904
041601011301201904
041601011307201904
041601011309201904
041601012101201904
041601013001201904
041601016401201904
041601016407201904
041601017201201904
041601017207201904
041601017209201904
041601018001201904
041601018007201904
041601019901201904
041601019907201904
041601020201201904
041601020207201904
041601021001201904
041601021007201904
041601022901201904
041601022907201904
041602002001201904
041602002007201904
041602015101201904
041602015107201904
041602016001201904
041602016007201904
041602017801201904
041602017807201904
041602017809201904
041602018601201904
041602018607201904
041602018609201904
041602019401201904
041602019407201904
041602020801201904
041602020807201904
041602021601201904
041602021607201904
041602021609201904
041602022401201904
041602022407201904
041602023201201904
041602023207201904
041602024001201904
041602024007201904
041602024009201904
041602025901201904
041602025907201904
041603001701201904
041603001707201904
041603001709201904
041603002501201904
041603002507201904
041603002509201904
041603003301201904
041603003307201904
041603003309201904
041603004101201904
041603004107201904
041603004109201904
041603006801201904
041603006807201904
041603007601201904
041603008401201904
041603008407201904
041603009201201904
041603009207201904
041603014901201904
041603014907201904
041603014909201904
041603015701201904
041603015707201904
041603015709201904
041603016501201904
041603016507201904
041603017301201904
041603017307201904
041603018101201904
041603018107201904
041603019001201904
041603020301201904
041603020307201904
041603021101201904
041603021107201904
041603022001201904
041603022007201904
041603023801201904
041603023807201904
041603024601201904
041603024607201904
041603025401201904
041603026201201904
041603027001201904
041603027007201904
041603028901201904
041603029701201904
041603030001201904
041603030007201904
041603031901201904
041603031907201904
041603032701201904
041603032707201904
041603032709201904
041603033501201904
041603033507201904
041603033509201904
041603034301201904
041603034307201904
041603035101201904
041603035107201904
041603035109201904
041603036001201904
041603036007201904
041604001201201904
041604001207201904
041604002001201904
041604002007201904
041604003901201904
041604003907201904
041604004701201904
041604004707201904
041604005501201904
041604005507201904
041604007101201904
041604007107201904
041604010101201904
041604010107201904
041604011001201904
041604011007201904
041604012801201904
041604012807201904
041604014401201904
041604014407201904
041604017901201904
041604017909201904
041604018701201904
041604018709201904
041604019501201904
041604019509201904
041604020901201904
041604020907201904
041604021701201904
041604021707201904
041604022501201904
041604022507201904
041604023301201904
041604023307201904
041604024101201904
041604024107201904
041604025001201904
041604025007201904
041604026801201904
041604026807201904
041604027601201904
041604027607201904
041604028401201904
041605001801201904
041605001807201904
041605002601201904
041605002607201904
041605003401201904
041605003407201904
041605005001201904
041605005007201904
041605007701201904
041605007707201904
041605009301201904
041605009307201904
041605010701201904
041605010707201904
041605011501201904
041605011507201904
041606001301201904
041606001307201904
041606001309201904
041606002101201904
041606002107201904
041606003001201904
041606003007201904
041606005601201904
041606005607201904
041606006401201904
041606006407201904
041606008001201904
041606008007201904
041606009901201904
041606009907201904
041606010201201904
041606010207201904
041606011001201904
041606011007201904
041606012901201904
041606012907201904
041608001401201904
041608001407201904
041608001409201904
041608003001201904
041608003007201904
041608003009201904
041608008101201904
041608008107201904
041608009001201904
041608009007201904
041608011101201904
041608011107201904
041608012001201904
041608012007201904
041608012009201904
041609001001201904
041609001007201904
041609002801201904
041609002807201904
041609003601201904
041609003607201904
041609007901201904
041609007907201904
041609010901201904
041609010907201904
041609011701201904
041609011707201904
041609012501201904
041609012507201904
041609013301201904
041609013307201904
041611001001201904
041611001007201904
041611002901201904
041611002907201904
041611003701201904
041611003707201904
041611004501201904
041611004507201904
041611005301201904
041611005307201904
041611006101201904
041611006107201904
041611007001201904
041611007007201904
041611008801201904
041611008807201904
041612002401201904
041612003201201904
041612004001201904
041612004009201904
041612005901201904
041612005909201904
050103006901201904
050103006903201904
050103006907201904
050201001074201904
050201001075201904
050201001076201904
050201001077201904
050201001078201904
050201001079201904
050201002977201904
050201002978201904
050201002979201904
050201002980201904
050201002981201904
050201002982201904
050301001401201904
050301001403201904
050301001474201904
050301001475201904
050301001476201904
050301001477201904
050301001478201904
050301001479201904
050301001480201904
050301001481201904
050301001482201904
050301002201201904
050301002274201904
050301002275201904
050301002276201904
050301002277201904
050301002278201904
050301002279201904
050301002280201904
050301002281201904
050301002282201904
050302001001201904
050302002801201904
050303001574201904
050303001575201904
050303001576201904
050303001577201904
050303001578201904
050303001579201904
050303001580201904
050303001581201904
050303001582201904
050303002301201904
050303002374201904
050303002375201904
050303002376201904
050303002377201904
050303002378201904
050303002379201904
050303002380201904
050303002381201904
050303002382201904
050303003101201904
050303003174201904
050303003175201904
050303003176201904
050303003177201904
050303003178201904
050303003179201904
050303003180201904
050303003181201904
050303003182201904
050303004001201904
050303004074201904
050303004075201904
050303004076201904
050303004077201904
050303004078201904
050303004080201904
050303004081201904
050303004082201904
050303005801201904
050303005874201904
050303005875201904
050303005876201904
050303005877201904
050303005878201904
050303005879201904
050303005880201904
050303005881201904
050303005882201904
050303006601201904
050303006674201904
050303006675201904
050303006676201904
050303006677201904
050303006678201904
050303006679201904
050303006680201904
050303006681201904
050303006682201904
050303007401201904
050303007474201904
050303007475201904
050303007476201904
050303007477201904
050303007478201904
050303007479201904
050303007480201904
050303007481201904
050303007482201904
050303008201201904
050303008274201904
050303008275201904
050303008276201904
050303008277201904
050303008278201904
050303008279201904
050303008280201904
050303008281201904
050303008282201904
050303009001201904
050303009074201904
050303009075201904
050303009076201904
050303009077201904
050303009078201904
050303009079201904
050303009080201904
050303009081201904
050303009082201904
050303010401201904
050303010474201904
050303010475201904
050303010476201904
050303010477201904
050303010478201904
050303010479201904
050303010480201904
050303010481201904
050303010482201904
050304004574201904
050304004575201904
050304004576201904
050304004577201904
050304004578201904
050304004579201904
050304004580201904
050304004581201904
050304004582201904
050501001103201904
050501001107201904
050501002003201904
050501002007201904
050501003803201904
050501003807201904
050501004603201904
050501004607201904
050501005403201904
050501005407201904
050501006203201904
050501006207201904
050501007003201904
050501007007201904
050501008903201904
050501008907201904
050501009701201904
050501009707201904
050501009709201904
050501010001201904
050501010007201904
050501010009201904
050501011901201904
050501011907201904
050501011909201904
050501012701201904
050501012707201904
050501012709201904
050502004101201904
050502004107201904
050502005001201904
050502005007201904
050502006801201904
050502007601201904
050502008401201904
050502009201201904
050502010601201904
050502011401201904
050502011407201904
050502012201201904
050602001012201904
050602002912201904
050602003712201904
050602004503201904
050602004507201904
050602004509201904
050602004512201904
050602005301201904
050602005303201904
050602005307201904
050602006101201904
050602006103201904
050602006107201904
050602007001201904
050602007003201904
050602007007201904
050602008801201904
050602008803201904
050602008807201904
050602009601201904
050602009603201904
050602009607201904
050602010001201904
050602010003201904
050602010007201904
050602011801201904
050602011803201904
050602011807201904
070209005001201904
070209005007201904
070209006901201904
070209006907201904
080201006765201904
080201007579201904
080201008375201904
080201009176201904
080201010574201904
080201011383201904
080201012181201904
080201013082201904
080201014877201904
080201015678201904
080201016480201904
080201021085201904
080201022986201904
080201023792201904
080201024593201904
080201025387201904
080201026187201904
080201027087201904
