01010200580001
01010200660001
01010200740001
01010200820001
01010200900001
02010103480001
02020500760008
02050100320004
02050100400004
02050200460004
02090100370004
02110800550004
03011300510009
03011300600009
03070100150001
03070100230001
03070100310001
03070100400001
03070100580001
03070200370001
03070200450001
03070200530001
03070200610001
03070200700001
03070200880001
03070200960001
03070201000001
03070201180001
03070300240001
03070300320001
03070300400001
03070300590001
03070401350001
03070401430001
03070401510001
03070401600001
04010100820001
04040204450001
04040204880001
04040205770001
04040206150001
04040206230001
04040206310001
04040206740001
04140103450001
04140103610001
04140103880001
04140200220001
04140200300001
04140200490001
04140200570001
04140200650001
04140200730001
04140200810001
04140200900001
04140201200001
04140201380001
04140201460001
04140201540001
04140201620001
04140201700001
04140202000001
04140202190001
04140202430001
04140202780001
04140202940001
04140203590001
04140203670001
04140203750001
04140203830001
04140204050001
04150200500003
04150200690006
04150200770007
