020101003801201809
020101012701201809
020101012709201809
020101013501201809
020101013509201809
020101014301201809
020101014307201809
020101014309201809
020101016001201809
020101016009201809
020101020801201809
020101020809201809
020101024001201809
020101024007201809
020101024009201809
020101025901201809
020101026701201809
020101026707201809
020101026709201809
020101027503201809
020101027507201809
020101027509201809
020101030501201809
020101030507201809
020101030509201809
020101031301201809
020101031307201809
020101031309201809
020101032101201809
020101032107201809
020101032109201809
020101033001201809
020101033007201809
020101033009201809
020101040201201809
020101040207201809
020101040209201809
020101053401201809
020101053409201809
020101055001201809
020101055009201809
020904003301201809
020904003307201809
020904003309201809
020904005001201809
020904005007201809
020904005009201809
021105009101201809
021105010503201809
021105010507201809
021105010509201809
021105014801201809
030106001003201809
030106001007201809
030106007001201809
030106007003201809
030106007007201809
030106007009201809
030106008803201809
030109001703201809
030109001709201809
030109001713201809
030109002503201809
030109002509201809
030109002513201809
030301001003201809
030301001007201809
030301002903201809
030301002907201809
030301003703201809
030301003707201809
030301004503201809
030301004507201809
030301005303201809
030301005307201809
030301006103201809
030301006107201809
030301007003201809
030301007007201809
030301008803201809
030301008807201809
030301009603201809
030301009607201809
030301010003201809
030301010007201809
030301011803201809
030301011807201809
030301012603201809
030301012607201809
030301013403201809
030301013407201809
030301014203201809
030301014207201809
030301015003201809
030301015007201809
030301016903201809
030301016907201809
030301017703201809
030301017707201809
030301018503201809
030301018507201809
030301019303201809
030301019307201809
030301020703201809
030301020707201809
030301021503201809
030301021506201809
030301021507201809
030302003203201809
030302003207201809
030302004003201809
030302004007201809
030302005903201809
030302005907201809
030302006703201809
030302006707201809
030302007503201809
030302007507201809
030302008303201809
030302008307201809
030303001107201809
030303001111201809
030303002003201809
030303002007201809
030303003803201809
030303003807201809
030303004603201809
030303004607201809
030303005403201809
030303005407201809
030303006203201809
030303006207201809
030304001703201809
030304001707201809
030304002503201809
030304002507201809
030304003303201809
030304003307201809
030304004103201809
030304004107201809
030304005003201809
030304005007201809
030304006803201809
030304006807201809
030304007603201809
030304007607201809
030304008401201809
030304008403201809
030304008407201809
030304009201201809
030304009203201809
030304009207201809
030304010603201809
030304010607201809
030304011401201809
030304011403201809
030304011407201809
030304012201201809
030304012203201809
030304012207201809
030304013003201809
030304013007201809
030304014903201809
030304014907201809
030304015703201809
030304015707201809
030304016503201809
030304016507201809
030304017303201809
030304017307201809
030304018103201809
030304019003201809
030304019007201809
030304020303201809
030304020307201809
030304021103201809
030304021107201809
030304022003201809
030304022007201809
030304023803201809
030304023807201809
030304024603201809
030304024607201809
030304025403201809
030304025407201809
030304026203201809
030304026207201809
030304027003201809
030304027007201809
030304028903201809
030304029703201809
030304029707201809
030304030003201809
030305013603201809
030305013607201809
030305014403201809
030305014407201809
030306001803201809
030306001807201809
030306002603201809
030306002607201809
030306003403201809
030306003407201809
030306004203201809
030306004207201809
030306005003201809
030306005007201809
030306006903201809
030306006907201809
030306007703201809
030306007707201809
030306008503201809
030306008507201809
030306009303201809
030306009307201809
030306010703201809
030306010707201809
030306011503201809
030306011507201809
030306012303201809
030306012307201809
030306013103201809
030306013107201809
030306014003201809
030306014007201809
030306015803201809
030306016603201809
030306016607201809
030306017403201809
030306017407201809
030306018203201809
030306018207201809
030306019003201809
030306019007201809
030306020403201809
030306020407201809
030306021203201809
030306021207201809
030306022001201809
030306022003201809
030306022007201809
030306023903201809
030306023907201809
030306024703201809
030306024707201809
030306025503201809
030306026303201809
030306026307201809
030306027103201809
030306027107201809
030306028003201809
030306028007201809
030306029803201809
030306029807201809
030306030103201809
030306030107201809
030307006403201809
030307006407201809
030307007203201809
030307007207201809
030307008003201809
030307008007201809
030307009903201809
030307009907201809
030307010203201809
030307010207201809
030307011003201809
030307011007201809
030307012903201809
030307012907201809
030307013701201809
030308004303201809
030308004307201809
030308005103201809
030308005107201809
030308006003201809
030308006007201809
030308007803201809
030308007807201809
030308008603201809
030308008607201809
030308009403201809
030308009407201809
030309013803201809
030309013807201809
030309013809201809
030309019703201809
030309019707201809
030309019709201809
030309023503201809
030309023507201809
030309023509201809
030309031603201809
030309031607201809
030310001002201809
030310001003201809
030310001007201809
030310002802201809
030310002803201809
030310002807201809
030310003602201809
030310003603201809
030310003607201809
030310004402201809
030310004403201809
030310004407201809
030310005202201809
030310005203201809
030310005207201809
030311001503201809
030311001507201809
030311002303201809
030311002307201809
030311003103201809
030311003107201809
030311004003201809
030311004007201809
030311005803201809
030311005807201809
030311006603201809
030311006607201809
030311007403201809
030311007407201809
030311008203201809
030311008207201809
030311009003201809
030311009007201809
030311010403201809
030311010407201809
030311011203201809
030311011207201809
030313001604201809
030313002404201809
030313003204201809
030313004004201809
030313005904201809
030313006704201809
030313007504201809
030313008304201809
030314002003201809
030314002007201809
030314003803201809
030314003807201809
030314004603201809
030314004607201809
030314005403201809
030314005407201809
030314006203201809
030314006207201809
030314007003201809
030314007007201809
030314008903201809
030314008907201809
030314009703201809
030314009707201809
030314010003201809
030314010007201809
030314011903201809
030314011907201809
030314012703201809
030314012707201809
030314013503201809
030314013507201809
030314014303201809
030314014307201809
030314015103201809
030314015107201809
030315001703201809
030315001707201809
030315002503201809
030315002507201809
030315003303201809
030315003307201809
030315004103201809
030315004107201809
030315005003201809
030315005007201809
030315006803201809
030315006807201809
030316001207201809
030316002002201809
030316002003201809
030316002007201809
030316003907201809
030316004707201809
030316005507201809
030316006307201809
030316007107201809
030317009305201809
030317009307201809
030317010707201809
030317010714201809
030317013102201809
030317013103201809
030317013105201809
030317013107201809
030317013187201809
030317014002201809
030317014003201809
030317014005201809
030317014007201809
030317014087201809
030317015802201809
030317015803201809
030317015805201809
030317015807201809
030317015887201809
030317016602201809
030317016603201809
030317016605201809
030317016607201809
030317016687201809
030317017402201809
030317017403201809
030317017405201809
030317017407201809
030317017487201809
030317018202201809
030317018203201809
030317018205201809
030317018207201809
030317018287201809
030317019005201809
030317019007201809
030317020405201809
030317020407201809
030318001303201809
030318001307201809
030318003003201809
030318003007201809
030318004803201809
030318004807201809
030318005603201809
030318005607201809
030318006403201809
030318006407201809
030318007207201809
030318007210201809
030319001903201809
030319001907201809
030319001908201809
030401004903201809
030401005703201809
030401006503201809
030401011103201809
030401011107201809
030401016203201809
030401032403201809
030401033203201809
030401035903201809
030401035907201809
030408002003201809
030408002007201809
030408003903201809
030408003907201809
030408003909201809
030408004703201809
030408006303201809
030409001803201809
030409001807201809
030409002603201809
030409002607201809
030409003403201809
030409003407201809
030409004203201809
030409004207201809
030410001303201809
030410001307201809
030410001309201809
030410002103201809
030410002107201809
030501017403201809
030501017407201809
030502001303201809
030502001307201809
030502002103201809
030502002107201809
030502003003201809
030502003007201809
030502004803201809
030502004807201809
030502005603201809
030502005607201809
030701005801201809
030701005803201809
030701005807201809
030701005809201809
030702003701201809
030702003703201809
030702003707201809
030702003709201809
030702004501201809
030702004503201809
030702004507201809
030702004509201809
030702005301201809
030702005303201809
030702005307201809
030702005309201809
030702006101201809
030702006103201809
030702006107201809
030702006109201809
030702008801201809
030702008803201809
030702008807201809
030702008809201809
030702009601201809
030702009603201809
030702009607201809
030702009609201809
030702010001201809
030702010003201809
030702010007201809
030702010009201809
030702011801201809
030702011803201809
030702011807201809
030702011809201809
030703003201201809
030703003203201809
030703003207201809
030703003209201809
030704001101201809
030704001103201809
030704001107201809
030704001109201809
030704006201201809
030704006203201809
030704006207201809
030704006209201809
030704008901201809
030704008903201809
030704008907201809
030704008909201809
030801001901201809
030801001903201809
030801001907201809
030801002703201809
030801002707201809
030801003501201809
030801003503201809
030801003507201809
030801004301201809
030801004303201809
030801004307201809
030802002203201809
030802002207201809
030802003003201809
030802003007201809
030803001003201809
030803001007201809
030803002803201809
030803002807201809
030803003601201809
030803003603201809
030803003607201809
030803003683201809
030804001501201809
030804001503201809
030804001507201809
030804002303201809
030804002307201809
030901003901201809
030901003903201809
030901003907201809
031001003901201809
031001003902201809
031001003903201809
031001004701201809
031001004702201809
031001004703201809
031001005502201809
040102001001201809
040102001007201809
040102001009201809
040102002901201809
040102002907201809
040102002909201809
040102003701201809
040102003707201809
040102003709201809
040102004501201809
040102004507201809
040102004509201809
040102005301201809
040102005307201809
040102005309201809
040102006101201809
040102006107201809
040102006109201809
040102007001201809
040102007007201809
040102007009201809
040102008801201809
040102008807201809
040102008809201809
040102009601201809
040102009607201809
040102009609201809
040102010001201809
040102010007201809
040102010009201809
040102011801201809
040102011807201809
040102011809201809
040102012601201809
040102012607201809
040102012609201809
040102013401201809
040102013409201809
040102014201201809
040102014207201809
040102014209201809
040102015001201809
040102015007201809
040102015009201809
040102016901201809
040102016907201809
040102016909201809
040201001901201809
040201001907201809
040201002701201809
040201002707201809
040201003501201809
040201003507201809
040201003509201809
040201004301201809
040201004307201809
040201004309201809
040201005101201809
040201005107201809
040202001401201809
040202001407201809
040202002201201809
040202002207201809
040301001201201809
040301001207201809
040301002001201809
040301002007201809
040301003901201809
040301003907201809
040301004701201809
040301004707201809
040301005501201809
040301005507201809
040301006301201809
040301006307201809
040301007101201809
040301007107201809
040301008001201809
040301008007201809
040301008009201809
040301009801201809
040301009807201809
040301010101201809
040301010107201809
040301011001201809
040301011007201809
040301012801201809
040301012807201809
040301013601201809
040301013607201809
040301014401201809
040301014407201809
040301015201201809
040301015207201809
040301016001201809
040301016007201809
040301017901201809
040301017907201809
040301018701201809
040301018707201809
040301019501201809
040301019507201809
040301020901201809
040301020907201809
040301021701201809
040301021707201809
040301022501201809
040301022507201809
040301023301201809
040301023307201809
040301024101201809
040301024107201809
040301025001201809
040301025007201809
040301026801201809
040301026807201809
040301027601201809
040301027607201809
040301028401201809
040301028407201809
040301029201201809
040301029207201809
040301030601201809
040301030607201809
040301031401201809
040301031407201809
040301032201201809
040301032207201809
040301033001201809
040301033007201809
040301034901201809
040301034907201809
040301035701201809
040301035707201809
040301036501201809
040301036507201809
040301039001201809
040301039003201809
040301039007201809
040302001801201809
040302001807201809
040302002601201809
040302002607201809
040302003401201809
040302003407201809
040302004201201809
040302004207201809
040302005001201809
040302005007201809
040302006901201809
040302006907201809
040302007701201809
040302007707201809
040302007709201809
040302008501201809
040302008507201809
040302008509201809
040302009301201809
040302009307201809
040302009309201809
040302010701201809
040302010707201809
040302011501201809
040302011507201809
040302012301201809
040302012307201809
040302012309201809
040302013101201809
040302013107201809
040303001301201809
040303001307201809
040303002101201809
040303002107201809
040303003001201809
040303003007201809
040303004801201809
040303004807201809
040303005601201809
040303005607201809
040303006401201809
040303006407201809
040303008001201809
040303008007201809
040303009901201809
040303009907201809
040303010201201809
040303010207201809
040303011001201809
040303011007201809
040303012901201809
040303012907201809
040303013701201809
040303013707201809
040303014501201809
040303014507201809
040303015301201809
040303015307201809
040303016101201809
040303016107201809
040303017001201809
040303017007201809
040304001901201809
040304001907201809
040304002701201809
040304002707201809
040304005101201809
040304005107201809
040304006001201809
040304006007201809
040304007801201809
040304007807201809
040304008601201809
040304008607201809
040304009401201809
040304009407201809
040304010801201809
040304010807201809
040304011601201809
040304011607201809
040304012401201809
040304012407201809
040305003001201809
040305003003201809
040305003007201809
040305004901201809
040305004907201809
040305005701201809
040305006501201809
040305006507201809
040305007301201809
040305007307201809
040305009001201809
040305009007201809
040305009009201809
040305010301201809
040305010307201809
040305010309201809
040305011101201809
040305011107201809
040305012001201809
040305012007201809
040305013801201809
040305013807201809
040305014601201809
040305014607201809
040305015401201809
040305015407201809
040305016201201809
040306001001201809
040306001007201809
040306002801201809
040306002807201809
040306003601201809
040306003607201809
040306004401201809
040306004407201809
040306005201201809
040306005207201809
040306006001201809
040306006007201809
040306007901201809
040306007907201809
040306008701201809
040306008707201809
040306009501201809
040306009507201809
040307001501201809
040307004001201809
040307004007201809
040307005801201809
040307005807201809
040307008201201809
040307009001201809
040307010401201809
040307011201201809
040307012001201809
040307013901201809
040307013907201809
040307014701201809
040307014707201809
040307015501201809
040307015507201809
040307016301201809
040307016307201809
040308001001201809
040308002901201809
040308003701201809
040308004501201809
040308005301201809
040308005307201809
040308006101201809
040308007001201809
040308007007201809
040308008801201809
040308008807201809
040308009601201809
040308009607201809
040308010001201809
040401001601201809
040401001605201809
040401001609201809
040401002401201809
040401002407201809
040401002409201809
040401003201201809
040401003207201809
040401003209201809
040401004001201809
040401004007201809
040401004009201809
040401005901201809
040401005907201809
040401005909201809
040401006701201809
040401006707201809
040401006709201809
040401008301201809
040401008307201809
040401008309201809
040401010501201809
040401010507201809
040401010509201809
040401011301201809
040401011307201809
040401011309201809
040401012101201809
040401012107201809
040401012109201809
040401013001201809
040401013007201809
040401013009201809
040401014801201809
040401014807201809
040401014809201809
040401016401201809
040401016407201809
040401016409201809
040401017201201809
040401017207201809
040401018001201809
040401018007201809
040401019901201809
040401019907201809
040401020201201809
040401020207201809
040401021001201809
040401021007201809
040401021009201809
040401022901201809
040401022907201809
040401022909201809
040401023701201809
040401023707201809
040401023709201809
040401028801201809
040401028807201809
040401028809201809
040401031801201809
040401031807201809
040401031809201809
040401032601201809
040401032607201809
040401032609201809
040401033401201809
040401033407201809
040401033409201809
040401035001201809
040401035007201809
040401035009201809
040401037701201809
040401037707201809
040401037709201809
040401038501201809
040401038507201809
040401038509201809
040401040701201809
040401040707201809
040401040709201809
040401041501201809
040401041507201809
040401041509201809
040401043101201809
040401043107201809
040401045801201809
040401045807201809
040401046601201809
040401046607201809
040401046609201809
040401047401201809
040401047407201809
040401047409201809
040401048201201809
040401048207201809
040401048209201809
040401049001201809
040401049007201809
040401049009201809
040401050401201809
040401050407201809
040401050409201809
040401051201201809
040401051207201809
040401051209201809
040401052001201809
040401052007201809
040401052009201809
040401053901201809
040401053907201809
040401053909201809
040401054701201809
040401054707201809
040401055501201809
040401055507201809
040401055509201809
040401056301201809
040401056309201809
040401057101201809
040401057107201809
040401058001201809
040401058007201809
040401059801201809
040401059807201809
040401060101201809
040401060107201809
040401061001201809
040401061007201809
040401062801201809
040401062807201809
040401063601201809
040401063607201809
040401064401201809
040401064407201809
040402001101201809
040402001107201809
040402001109201809
040402003801201809
040402003807201809
040402003809201809
040402004601201809
040402004607201809
040402004609201809
040402006201201809
040402006207201809
040402007001201809
040402007007201809
040402007009201809
040402008901201809
040402008907201809
040402008909201809
040402010001201809
040402010003201809
040402010007201809
040402010009201809
040402011901201809
040402011907201809
040402011909201809
040402013501201809
040402013507201809
040402014301201809
040402014307201809
040402014309201809
040402017801201809
040402017807201809
040402020801201809
040402020807201809
040402020809201809
040402022401201809
040402022407201809
040402023201201809
040402023207201809
040402023209201809
040402024001201809
040402024007201809
040402024009201809
040402027501201809
040402027507201809
040402029101201809
040402029107201809
040402031301201809
040402031307201809
040402031309201809
040402032101201809
040402032107201809
040402032109201809
040402034801201809
040402034807201809
040402034809201809
040402035601201809
040402035607201809
040402035609201809
040402038001201809
040402038007201809
040402039901201809
040402039907201809
040402039909201809
040402042901201809
040402042907201809
040402042909201809
040402045301201809
040402045307201809
040402045309201809
040402046101201809
040402046107201809
040402046109201809
040402047001201809
040402047007201809
040402047009201809
040402048801201809
040402048807201809
040402048809201809
040402049601201809
040402049607201809
040402050001201809
040402050007201809
040402051801201809
040402051807201809
040402051809201809
040402052601201809
040402052607201809
040402053401201809
040402053407201809
040402054201201809
040402054207201809
040402054209201809
040402055001201809
040402055007201809
040402056901201809
040402056907201809
040402056909201809
040402057701201809
040402057707201809
040402057709201809
040402058501201809
040402058507201809
040402059301201809
040402059307201809
040402060701201809
040402060707201809
040402064001201809
040402064007201809
040402064009201809
040402065801201809
040402065807201809
040402065809201809
040402066601201809
040402066607201809
040402066609201809
040402069001201809
040402069007201809
040402070401201809
040402070407201809
040402071201201809
040402071207201809
040402071209201809
040402072001201809
040402072007201809
040402073901201809
040402073907201809
040402077101201809
040402077107201809
040402077109201809
040402078001201809
040402078007201809
040403001701201809
040403001707201809
040403001709201809
040403003301201809
040403003307201809
040403004101201809
040403004107201809
040403004109201809
040403005001201809
040403005007201809
040403005009201809
040403006801201809
040403006807201809
040403006809201809
040403007601201809
040403007607201809
040403007609201809
040403008401201809
040403008407201809
040403008409201809
040403010601201809
040403010607201809
040403010609201809
040403012201201809
040403012207201809
040403012209201809
040403013001201809
040403013007201809
040403013009201809
040403015701201809
040403015707201809
040403015709201809
040403016501201809
040403016507201809
040403016509201809
040403017301201809
040403017307201809
040403017309201809
040403019001201809
040403019007201809
040403019009201809
040403022001201809
040403022007201809
040403022009201809
040403024601201809
040403024607201809
040403024609201809
040403025401201809
040403025407201809
040403025409201809
040403026201201809
040403026207201809
040403026209201809
040403027001201809
040403027007201809
040403027009201809
040403028901201809
040403028907201809
040403029701201809
040403029707201809
040403030001201809
040403030007201809
040403031901201809
040403031907201809
040403031909201809
040403032701201809
040403032707201809
040501001001201809
040501001007201809
040501001009201809
040501002801201809
040501002807201809
040501002809201809
040501003601201809
040501003607201809
040501003609201809
040501007901201809
040501007907201809
040501007909201809
040501008701201809
040501008707201809
040501008709201809
040501011701201809
040501011707201809
040501011709201809
040501012501201809
040501012507201809
040501012509201809
040501013301201809
040501013307201809
040501013309201809
040501015001201809
040501015007201809
040501015009201809
040501017601201809
040501017607201809
040501017609201809
040502001501201809
040502001507201809
040502001509201809
040502002301201809
040502002307201809
040502002309201809
040503001001201809
040503001007201809
040503001009201809
040503002901201809
040503002907201809
040503002909201809
040503007001201809
040503007007201809
040503007009201809
040503009601201809
040503009607201809
040503009609201809
040503011801201809
040503011807201809
040503011809201809
040503013401201809
040503013407201809
040503013409201809
040503014201201809
040503014207201809
040503014209201809
040503016901201809
040503016907201809
040503016909201809
040503017701201809
040503017707201809
040503017709201809
040503018501201809
040503018507201809
040503019301201809
040503019307201809
040503020701201809
040503020707201809
040503020709201809
040504001601201809
040504001607201809
040504001609201809
040504002401201809
040504002407201809
040504002409201809
040504004001201809
040504004007201809
040504004009201809
040504005901201809
040504005907201809
040504005909201809
040504006701201809
040504006707201809
040504006709201809
040504007501201809
040504007507201809
040504007509201809
040504008301201809
040504008307201809
040504008309201809
040504009101201809
040504009107201809
040504009109201809
040504010501201809
040504010507201809
040504010509201809
040504014801201809
040504014807201809
040504014809201809
040504015601201809
040504015607201809
040504015609201809
040504016401201809
040504016407201809
040504016409201809
040504018001201809
040504018007201809
040504020201201809
040504020207201809
040504020209201809
040504021001201809
040504021007201809
040504021009201809
040505001101201809
040505001107201809
040505001109201809
040505004601201809
040505004607201809
040505004609201809
040505005401201809
040505005407201809
040505005409201809
040505009701201809
040505009707201809
040505009709201809
040505010001201809
040505010007201809
040505010009201809
040505011901201809
040505011907201809
040505011909201809
040505013501201809
040505013507201809
040505013509201809
040505014301201809
040505014307201809
040505014309201809
040505015101201809
040505015107201809
040505015109201809
040505018601201809
040505018607201809
040505018609201809
040505021601201809
040505021607201809
040505021609201809
040505022401201809
040505022407201809
040505022409201809
040505023201201809
040505023207201809
040505023209201809
040505031301201809
040505031307201809
040505031309201809
040505032101201809
040505032107201809
040505032109201809
040505035601201809
040505035607201809
040505035609201809
040505037201201809
040505037207201809
040505037209201809
040505038001201809
040505038007201809
040505038009201809
040505039901201809
040505039907201809
040505039909201809
040505040201201809
040505040209201809
040601001301201809
040601001307201809
040601002101201809
040601003001201809
040601004801201809
040601005601201809
040601006401201809
040601007201201809
040601007207201809
040601008001201809
040601009901201809
040601010201201809
040601010207201809
040601011001201809
040601011007201809
040601013701201809
040601013707201809
040601015301201809
040601015307201809
040601016101201809
040601017001201809
040601017007201809
040601018801201809
040601019601201809
040601019607201809
040601020001201809
040601020007201809
040601021801201809
040601021807201809
040601022601201809
040601022607201809
040601023401201809
040601024201201809
040601025001201809
040601025007201809
040601026901201809
040601026907201809
040601027701201809
040601027707201809
040601028501201809
040601028507201809
040601029301201809
040601030701201809
040601031501201809
040601032301201809
040601033101201809
040601033107201809
040601034001201809
040601035801201809
040601036601201809
040601036607201809
040601037401201809
040601037407201809
040601038201201809
040601039001201809
040601039007201809
040601040401201809
040601041201201809
040601041207201809
040601042001201809
040601042007201809
040601043901201809
040601044701201809
040601044707201809
040601045501201809
040601046301201809
040601046307201809
040601047101201809
040601047107201809
040601048001201809
040601049801201809
040601049807201809
040601050101201809
040601051001201809
040601051007201809
040601052801201809
040601052807201809
040601053601201809
040601054401201809
040601055201201809
040601056001201809
040601056007201809
040601056009201809
040601057901201809
040601058701201809
040601058709201809
040601059501201809
040601060901201809
040601061701201809
040601062501201809
040601063301201809
040601063309201809
040601064101201809
040601064107201809
040601064109201809
040601065001201809
040601065009201809
040601066801201809
040601066807201809
040601066809201809
040601067601201809
040601067607201809
040601067609201809
040601068401201809
040601068407201809
040601068409201809
040601069201201809
040601069207201809
040601070601201809
040601071401201809
040601071407201809
040601071409201809
040601073001201809
040601075701201809
040601075707201809
040601076501201809
040601076507201809
040601077301201809
040601077307201809
040601078101201809
040601078107201809
040601079001201809
040601079009201809
040601080301201809
040601080307201809
040601081101201809
040601082001201809
040601082007201809
040601083801201809
040601084601201809
040601085401201809
040601085409201809
040601086201201809
040601086209201809
040601087001201809
040601087009201809
040601088901201809
040601089701201809
040601090001201809
040601090007201809
040601091901201809
040601091907201809
040601091909201809
040601092701201809
040601093501201809
040601094301201809
040601095101201809
040601096001201809
040601096003201809
040601096007201809
040601097801201809
040601097803201809
040601097807201809
040601098601201809
040601099401201809
040601100101201809
040601100109201809
040601101001201809
040601101009201809
040601102801201809
040601102809201809
040601103601201809
040601103609201809
040601104401201809
040601104407201809
040601104409201809
040601105201201809
040601105209201809
040601107901201809
040601108701201809
040601108709201809
040601109501201809
040601109509201809
040601110901201809
040601110909201809
040601111701201809
040601111709201809
040601112501201809
040601112509201809
040601113301201809
040601113307201809
040601113309201809
040601114101201809
040601114109201809
040601115001201809
040601115007201809
040601115009201809
040601116801201809
040601116809201809
040601117601201809
040601117609201809
040601118401201809
040601118409201809
040601119201201809
040601119209201809
040601120601201809
040601121401201809
040601121407201809
040601122201201809
040601122207201809
040601123001201809
040601124901201809
040601125701201809
040601126501201809
040601126507201809
040601127301201809
040601127307201809
040601128101201809
040601128107201809
040601129001201809
040601129007201809
040601130301201809
040601130307201809
040601131101201809
040601131107201809
040601132001201809
040601132007201809
040601133801201809
040601133807201809
040601134601201809
040601134607201809
040601135401201809
040601135407201809
040601136201201809
040601136207201809
040601137001201809
040601137007201809
040601138901201809
040601138907201809
040601139701201809
040601139707201809
040601140001201809
040601140007201809
040601141901201809
040601141907201809
040601142701201809
040601142707201809
040601143501201809
040601143507201809
040601144301201809
040601144307201809
040601145101201809
040601145107201809
040601146001201809
040601146007201809
040601147801201809
040601147807201809
040601148601201809
040601148607201809
040601149401201809
040601149407201809
040601150801201809
040601150807201809
040601151601201809
040601151607201809
040602001901201809
040602001907201809
040602002701201809
040602002707201809
040602003501201809
040602003507201809
040602004301201809
040602004307201809
040602005101201809
040602005107201809
040602007801201809
040602007807201809
040602007809201809
040602010801201809
040602011601201809
040602011607201809
040602011609201809
040602012401201809
040602012407201809
040602015901201809
040602015907201809
040602015909201809
040602016701201809
040602016707201809
040602016709201809
040602019101201809
040602019107201809
040602021301201809
040602022101201809
040602023001201809
040602024801201809
040602024807201809
040602025601201809
040602025607201809
040602026401201809
040602026407201809
040602027201201809
040602027207201809
040602028001201809
040602028007201809
040602030201201809
040602030207201809
040602031001201809
040602031007201809
040602032901201809
040602032907201809
040602033701201809
040602033707201809
040602034501201809
040602034507201809
040602035301201809
040602035307201809
040602036101201809
040602036107201809
040602037001201809
040602037007201809
040602038801201809
040602038807201809
040602039601201809
040602039607201809
040602040001201809
040602040007201809
040602041801201809
040602041807201809
040602042601201809
040602042607201809
040602043401201809
040602043407201809
040602044201201809
040602044207201809
040602045001201809
040602046901201809
040602046907201809
040602047701201809
040602047707201809
040602048501201809
040602048507201809
040602049301201809
040602049307201809
040602050701201809
040602050707201809
040602051501201809
040602051507201809
040602052301201809
040602053101201809
040602053107201809
040602054001201809
040602054007201809
040602055801201809
040602055807201809
040602056601201809
040602056607201809
040602056609201809
040602057401201809
040602057407201809
040602057409201809
040602058201201809
040602058207201809
040602059001201809
040602059007201809
040602060401201809
040602060407201809
040602060409201809
040602062001201809
040602062003201809
040602062007201809
040602062009201809
040603001401201809
040603002201201809
040603003001201809
040603004901201809
040603005701201809
040603005707201809
040603006501201809
040603007301201809
040603008101201809
040603008107201809
040603009001201809
040603009007201809
040603010301201809
040603010307201809
040603011101201809
040603011107201809
040603012001201809
040603012007201809
040603013801201809
040603013807201809
040603014601201809
040603014607201809
040604001001201809
040604001007201809
040604002801201809
040604002807201809
040604004401201809
040604004407201809
040604005201201809
040604005207201809
040604006001201809
040604006007201809
040604007901201809
040604007907201809
040604008701201809
040604009501201809
040604010901201809
040604010907201809
040604011701201809
040604011707201809
040604012501201809
040604012507201809
040604013301201809
040604014101201809
040604014107201809
040604015001201809
040604016801201809
040604017601201809
040604018401201809
040604019201201809
040604019207201809
040604020601201809
040604020607201809
040604020609201809
040604021401201809
040604021407201809
040604022201201809
040604022207201809
040604023001201809
040604023007201809
040604024901201809
040604024907201809
040604025701201809
040604025707201809
040604025709201809
040604026501201809
040604026507201809
040604027301201809
040604027307201809
040604027309201809
040604028101201809
040604029001201809
040604029007201809
040604029009201809
040604030301201809
040604030307201809
040604030309201809
040604031101201809
040604031107201809
040604031109201809
040604032001201809
040604032007201809
040604033801201809
040604033807201809
040605001501201809
040605001507201809
040605001509201809
040605002301201809
040605002307201809
040605002309201809
040605003101201809
040605003107201809
040605003109201809
040605004001201809
040605004007201809
040605004009201809
040605005801201809
040605005807201809
040605005809201809
040605006601201809
040605006607201809
040605006609201809
040605007401201809
040605007407201809
040605007409201809
040605008201201809
040605008207201809
040605008209201809
040605009001201809
040605009007201809
040605010401201809
040605010407201809
040605011201201809
040605012001201809
040605012007201809
040605012009201809
040605013901201809
040605013907201809
040605013909201809
040701001701201809
040701001707201809
040701003301201809
040701003307201809
040701004101201809
040701005001201809
040701005007201809
040701006801201809
040701006807201809
040701007601201809
040701008401201809
040701008407201809
040701009201201809
040701009207201809
040701010601201809
040701010607201809
040701011401201809
040701011407201809
040701012201201809
040701013001201809
040701014901201809
040701015701201809
040701015707201809
040701016501201809
040701016507201809
040701017301201809
040701018101201809
040701019001201809
040701019007201809
040701020301201809
040701020307201809
040701021101201809
040701021107201809
040701021109201809
040701022001201809
040701022007201809
040701022009201809
040701023801201809
040701023807201809
040701027001201809
040701027007201809
040701028901201809
040701029701201809
040701029707201809
040701030001201809
040701033501201809
040701033507201809
040701034301201809
040701034307201809
040701035101201809
040701035107201809
040701036001201809
040701037801201809
040701038601201809
040702001201201809
040702002001201809
040702003901201809
040702003907201809
040702004701201809
040702004707201809
040702006301201809
040702006307201809
040702007101201809
040702007107201809
040702008001201809
040702008007201809
040702009801201809
040702009807201809
040702010101201809
040702010107201809
040702011001201809
040702011007201809
040702011009201809
040702013601201809
040702013607201809
040702013609201809
040702014401201809
040702014407201809
040702014409201809
040702015201201809
040702015207201809
040702017901201809
040702017907201809
040702018701201809
040702018707201809
040702019501201809
040702019507201809
040702020901201809
040702020907201809
040702021701201809
040702021709201809
040702022501201809
040702022507201809
040702022509201809
040702023301201809
040702023307201809
040702024101201809
040702024107201809
040702025001201809
040702025007201809
040702026801201809
040702026807201809
040702026809201809
040702027601201809
040702027607201809
040702027609201809
040702028401201809
040702028407201809
040702028409201809
040702029201201809
040702029207201809
040702030601201809
040702030607201809
040702032201201809
040702032207201809
040702032209201809
040702033001201809
040702034901201809
040702035701201809
040702036501201809
040702036507201809
040702038101201809
040702038107201809
040702040301201809
040702040307201809
040702041101201809
040702041107201809
040702042001201809
040702042007201809
040702043801201809
040702043807201809
040702044601201809
040702044607201809
040702045401201809
040702045407201809
040702045409201809
040702046201201809
040702046207201809
040702047001201809
040702047007201809
040702047009201809
040703001801201809
040703001807201809
040703002601201809
040703002607201809
040703003401201809
040703003407201809
040703003409201809
040703004201201809
040703004207201809
040703005001201809
040703005007201809
040703006901201809
040703006907201809
040703007701201809
040703007707201809
040703007709201809
040703012301201809
040703012307201809
040703013101201809
040703013107201809
040703014001201809
040703014007201809
040703015801201809
040703015807201809
040703016601201809
040703016607201809
040703017401201809
040703017407201809
040703018201201809
040703018207201809
040703019001201809
040703019007201809
040703020401201809
040703021201201809
040703022001201809
040703024701201809
040704001301201809
040704001307201809
040704002101201809
040704002107201809
040704003001201809
040704003007201809
040704004801201809
040704004807201809
040704005601201809
040704005607201809
040704006401201809
040704006407201809
040704006409201809
040704007201201809
040704007207201809
040704007209201809
040704008001201809
040704008007201809
040704008009201809
040704009901201809
040704009907201809
040704009909201809
040704010201201809
040704010207201809
040704010209201809
040704011001201809
040704011007201809
040704011009201809
040704012901201809
040704012907201809
040704012909201809
040704013701201809
040704013707201809
040704013709201809
040704014501201809
040704014507201809
040704014509201809
040704015301201809
040704015307201809
040704015309201809
040704016101201809
040704016107201809
040704017001201809
040704017007201809
040704017009201809
040704018801201809
040704018807201809
040704020001201809
040704020007201809
040704022601201809
040704022607201809
040704022609201809
040704023401201809
040704023407201809
040704024201201809
040704024207201809
040704025001201809
040704025007201809
040704026901201809
040704026907201809
040801001001201809
040801001007201809
040801002901201809
040801002907201809
040801003701201809
040801003707201809
040801004501201809
040801005301201809
040801006101201809
040801007001201809
040801007007201809
040801008801201809
040801008807201809
040801009601201809
040801009607201809
040801009609201809
040801010001201809
040801010007201809
040801010009201809
040801011801201809
040801011807201809
040801011809201809
040801013401201809
040801013407201809
040801013409201809
040801014201201809
040801014207201809
040801014209201809
040801015001201809
040801015007201809
040801015009201809
040801016901201809
040801016907201809
040801017701201809
040801017707201809
040801018501201809
040801018507201809
040801018509201809
040801019301201809
040801019307201809
040801020701201809
040801020707201809
040801020709201809
040801021501201809
040801021509201809
040801022301201809
040801022307201809
040801022309201809
040801023101201809
040801023109201809
040802001601201809
040802001607201809
040802002401201809
040802002407201809
040802003201201809
040802003207201809
040802004001201809
040802005901201809
040802006701201809
040802007501201809
040802008301201809
040802009101201809
040802010501201809
040802010507201809
040802010509201809
040802011301201809
040802011307201809
040802012101201809
040802012107201809
040802012109201809
040802013001201809
040802013007201809
040802014801201809
040802014807201809
040802014809201809
040802015601201809
040802015607201809
040802016401201809
040802016407201809
040802016409201809
040802017201201809
040802017207201809
040802017209201809
040802018001201809
040802018007201809
040802018009201809
040802019901201809
040802019907201809
040802019909201809
040802020201201809
040802020207201809
040802020209201809
040802021001201809
040802021007201809
040802022901201809
040802022907201809
040802022909201809
040802024501201809
040802024507201809
040802024509201809
040802025301201809
040802025307201809
040802026101201809
040802026107201809
040802027001201809
040802027007201809
040802028801201809
040802028807201809
040802029601201809
040802029607201809
040802029609201809
040802030001201809
040802030007201809
040802030009201809
040802031801201809
040802031807201809
040802031809201809
040802032601201809
040802032607201809
040802032609201809
040802033401201809
040802033407201809
040802034201201809
040802034207201809
040802034209201809
040802035001201809
040802035007201809
040802036901201809
040802036907201809
040802037701201809
040802037707201809
040802037709201809
040802038501201809
040802038507201809
040802039301201809
040802039307201809
040802040701201809
040802040707201809
040802041501201809
040802041507201809
040802042301201809
040802042307201809
040802043101201809
040802043107201809
040802044001201809
040802044007201809
040802044009201809
040802045801201809
040802045807201809
040802046601201809
040802046607201809
040802047401201809
040802047407201809
040802047409201809
040802048201201809
040802048207201809
040802048209201809
040802049001201809
040802049007201809
040802049009201809
040802050401201809
040802050407201809
040802050409201809
040802051201201809
040802051207201809
040802051209201809
040802052001201809
040802052007201809
040802052009201809
040802053901201809
040802053907201809
040802053909201809
040802054701201809
040802054707201809
040802055501201809
040802055507201809
040802055509201809
040802056301201809
040802056307201809
040802057101201809
040802057107201809
040802058001201809
040802058007201809
040802059801201809
040802059807201809
040802059809201809
040802060101201809
040802060107201809
040802060109201809
040802061001201809
040802061007201809
040802061009201809
040802062801201809
040802062807201809
040802062809201809
040802063601201809
040802063607201809
040802063609201809
040802064401201809
040802064407201809
040802064409201809
040803001101201809
040803001107201809
040803002001201809
040803002007201809
040803003801201809
040803003807201809
040803004601201809
040803005401201809
040803005407201809
040803006201201809
040803006207201809
040803007001201809
040803007007201809
040803008901201809
040803008907201809
040803009701201809
040803009707201809
040803010001201809
040803010007201809
040803011901201809
040803011907201809
040803012701201809
040803012707201809
040803013501201809
040803014301201809
040803015101201809
040803016001201809
040803017801201809
040803017807201809
040803018601201809
040803019401201809
040803020801201809
040803021601201809
040803022401201809
040803023201201809
040803023207201809
040803024001201809
040803024007201809
040803025901201809
040803025907201809
040803026701201809
040803026707201809
040803027501201809
040803027507201809
040803028301201809
040803028307201809
040803029101201809
040803029107201809
040803030501201809
040803030507201809
040803031301201809
040803031307201809
040803032101201809
040803032107201809
040803033001201809
040803033007201809
040803034801201809
040803034807201809
040803035601201809
040803036401201809
040803036407201809
040803037201201809
040803037207201809
040803038001201809
040803038007201809
040803039901201809
040803039907201809
040803040201201809
040803040207201809
040803041001201809
040803041007201809
040803042901201809
040803042907201809
040803043701201809
040803043707201809
040803044501201809
040803044507201809
040803045301201809
040803045307201809
040803046101201809
040803046107201809
040803047001201809
040803047007201809
040803050001201809
040803050007201809
040803051801201809
040803051807201809
040803052601201809
040803052607201809
040803053401201809
040803053407201809
040803054201201809
040803054207201809
040803055001201809
040803055007201809
040803056901201809
040803056907201809
040803057701201809
040803057707201809
040803058501201809
040803058507201809
040803059301201809
040803059307201809
040803060701201809
040803060707201809
040803061501201809
040803061507201809
040803062301201809
040803062307201809
040803063101201809
040803063107201809
040803064001201809
040803064007201809
040803065801201809
040803065807201809
040803066601201809
040803066607201809
040803067401201809
040803067407201809
040803068201201809
040803068207201809
040803069001201809
040803069007201809
040803070401201809
040803071201201809
040803071207201809
040803072001201809
040803072007201809
040803073901201809
040803073907201809
040803074701201809
040803074707201809
040803075501201809
040803075507201809
040803075509201809
040803076301201809
040803076307201809
040803077101201809
040803077107201809
040803078001201809
040803079801201809
040803080101201809
040803080107201809
040803081001201809
040803081007201809
040803082801201809
040803082807201809
040803083601201809
040803083607201809
040803084401201809
040803084407201809
040803085201201809
040803085207201809
040803086001201809
040803086007201809
040803087901201809
040803087907201809
040803088701201809
040803088707201809
040803089501201809
040803089507201809
040803090901201809
040803090907201809
040803091701201809
040803091707201809
040804001701201809
040804001707201809
040804002501201809
040804002507201809
040804003301201809
040804003307201809
040804004101201809
040804004107201809
040804005001201809
040804006801201809
040804007601201809
040804008401201809
040804009201201809
040804010601201809
040804010607201809
040804011401201809
040804011407201809
040804012201201809
040804012207201809
040804013001201809
040804013007201809
040804014901201809
040804014907201809
040804015701201809
040804015707201809
040804016501201809
040804016507201809
040804017301201809
040804017307201809
040804018101201809
040804018107201809
040804018109201809
040804019001201809
040804019007201809
040804019009201809
040804020301201809
040804020307201809
040804022001201809
040804022007201809
040804023801201809
040804023807201809
040804024601201809
040804024607201809
040804025401201809
040804025407201809
040804026201201809
040804026207201809
040804027001201809
040804027007201809
040804028901201809
040804028907201809
040804029701201809
040804029707201809
040804030001201809
040804030007201809
040804031901201809
040804031907201809
040804032701201809
040804032707201809
040804033501201809
040804033507201809
040804034301201809
040804034307201809
040805001201201809
040805001207201809
040805002001201809
040805002007201809
040805003901201809
040805003907201809
040805004701201809
040805004707201809
040805005501201809
040805006301201809
040805007101201809
040805008001201809
040805008007201809
040805010101201809
040805010107201809
040805011001201809
040805011007201809
040805012801201809
040805012807201809
040805013601201809
040805013607201809
040805014401201809
040805014407201809
040805014409201809
040805015201201809
040805015207201809
040805016001201809
040805016007201809
040805016009201809
040805017901201809
040805017907201809
040805019501201809
040805019507201809
040805019509201809
040805020901201809
040805020907201809
040805020909201809
040805021701201809
040805021707201809
040805021709201809
040805022501201809
040805022507201809
040805022509201809
040805023301201809
040805023307201809
040805024101201809
040805024107201809
040805024109201809
040805025001201809
040805025007201809
040805025009201809
040805026801201809
040805026807201809
040805026809201809
040805027601201809
040805027607201809
040805027609201809
040805028401201809
040805028407201809
040805028409201809
040805029201201809
040805029207201809
040805029209201809
040805030601201809
040805030607201809
040805031401201809
040805031407201809
040805032201201809
040805032207201809
040805032209201809
040805033001201809
040805033007201809
040805034901201809
040805034907201809
040805034909201809
040805035701201809
040805035707201809
040805035709201809
040805036501201809
040805036507201809
040805037301201809
040805037307201809
040805037309201809
040805038101201809
040805038107201809
040805039001201809
040805039007201809
040805039009201809
040805040301201809
040805041101201809
040805041107201809
040805042001201809
040805042007201809
040805043801201809
040805043807201809
040805044601201809
040805044607201809
040805044609201809
040805045401201809
040805045407201809
040805046201201809
040805046207201809
040805047001201809
040805047007201809
040805048901201809
040805048907201809
040805049701201809
040805049707201809
040805050001201809
040805050007201809
040805051901201809
040805051907201809
040805052701201809
040805052707201809
040805053501201809
040805053507201809
040805054301201809
040805054307201809
040805055101201809
040805055107201809
040805056001201809
040805056007201809
040805057801201809
040805057807201809
040805058601201809
040805058607201809
040805059401201809
040805059407201809
040805060801201809
040805060807201809
040805061601201809
040805061607201809
040805062401201809
040805062407201809
040805063201201809
040805063207201809
040805064001201809
040805064007201809
040805064009201809
040805065901201809
040805065907201809
040805065909201809
040805066701201809
040805066709201809
040805067501201809
040805067507201809
040805068301201809
040805068307201809
040805069101201809
040805069107201809
040805069109201809
040805070501201809
040805070507201809
040805071301201809
040805071307201809
040805072101201809
040805072107201809
040805073001201809
040805073007201809
040805073009201809
040805074801201809
040805074807201809
040805074809201809
040805075601201809
040805075607201809
040805075609201809
040805076401201809
040805076407201809
040805076409201809
040805077201201809
040805077207201809
040805078001201809
040805078007201809
040805079901201809
040805079907201809
040805080201201809
040805080207201809
040805081001201809
040805081007201809
040805082901201809
040805082907201809
040805082909201809
040805083701201809
040805083707201809
040805084501201809
040805084507201809
040805085301201809
040805085307201809
040805086101201809
040805086107201809
040805087001201809
040805087007201809
040805088801201809
040805088807201809
040805088809201809
040805089601201809
040805089607201809
040805089609201809
040805090001201809
040805091801201809
040805091807201809
040805091809201809
040805092601201809
040805092607201809
040805092609201809
040806001801201809
040806001807201809
040806001809201809
040806002601201809
040806002607201809
040806003401201809
040806003407201809
040806004201201809
040806004207201809
040806004209201809
040806005001201809
040806005007201809
040806005009201809
040806006901201809
040806006907201809
040806007701201809
040806007707201809
040806008501201809
040806008507201809
040806008509201809
040806009301201809
040806009307201809
040806010701201809
040806010707201809
040806011501201809
040806011507201809
040806011509201809
040806012301201809
040806012307201809
040806012309201809
040806013101201809
040806013107201809
040806013109201809
040806014001201809
040806014007201809
040806014009201809
040806015801201809
040806015807201809
040806015809201809
040806016601201809
040806016607201809
040806017401201809
040806017407201809
040806018201201809
040806018207201809
040806019001201809
040806019007201809
040806020401201809
040806020407201809
040806020409201809
040806021201201809
040806021207201809
040806021209201809
040806023901201809
040806023907201809
040806024701201809
040806024707201809
040806025501201809
040806025507201809
040806026301201809
040806026307201809
040806027101201809
040806027107201809
040806028001201809
040806028007201809
040806029801201809
040806029807201809
040806029809201809
040806030101201809
040806030107201809
040806030109201809
040806031001201809
040806031007201809
040806031009201809
040806032801201809
040806032807201809
040806032809201809
040806033601201809
040806033607201809
040806033609201809
040806034401201809
040806034407201809
040806034409201809
040806035201201809
040806035207201809
040806035209201809
040806036001201809
040806036007201809
040806036009201809
040806037901201809
040806037907201809
040806037909201809
040806038701201809
040806038707201809
040806039501201809
040806039507201809
040806039509201809
040806040901201809
040806040907201809
040806040909201809
040806041701201809
040806041707201809
040806041709201809
040806042501201809
040806042507201809
040806042509201809
040806043301201809
040806043307201809
040806043309201809
040806044101201809
040806044107201809
040806044109201809
040806045001201809
040806045007201809
040806045009201809
040806046801201809
040806046807201809
040806046809201809
040806047601201809
040806047607201809
040806047609201809
040806048401201809
040806048407201809
040806048409201809
040806049201201809
040806049207201809
040806050601201809
040806050607201809
040806051401201809
040806051407201809
040806052201201809
040806052207201809
040806053001201809
040806053007201809
040806053009201809
040806054901201809
040806054907201809
040806054909201809
040806055701201809
040806055707201809
040806056501201809
040806056507201809
040806056509201809
040806057301201809
040806057307201809
040806057309201809
040806058101201809
040806058107201809
040806058109201809
040806059001201809
040806059007201809
040806060301201809
040806060307201809
040806060309201809
040806061101201809
040806062001201809
040806062007201809
040806063801201809
040806063807201809
040806063809201809
040806064601201809
040806064607201809
040806066201201809
040806066207201809
040806067001201809
040806067007201809
040806067009201809
040806069701201809
040806069707201809
040806070001201809
040806070007201809
040806070009201809
040901001401201809
040901001407201809
040901002201201809
040901002207201809
040901003001201809
040901003007201809
040901004901201809
040901004907201809
040901005701201809
040901005707201809
040901006501201809
040901006507201809
040901006509201809
040901007301201809
040901007307201809
040901008101201809
040901008107201809
040901009001201809
040901009007201809
040901009009201809
040901012001201809
040901012007201809
040901012009201809
040901013801201809
040901013807201809
040901014601201809
040901014607201809
040901014609201809
040901017001201809
040901017007201809
040901017009201809
040901018901201809
040901018907201809
040901019701201809
040901019707201809
040901020001201809
040901020007201809
040901021901201809
040901022701201809
040901022707201809
040901023501201809
040901023507201809
040901024301201809
040901024307201809
040901025101201809
040901025107201809
040901026001201809
040901026007201809
040901028601201809
040901028607201809
040901029401201809
040901029407201809
040901030801201809
040901030807201809
040901031601201809
040901031607201809
040901032401201809
040901032407201809
040901033201201809
040901033207201809
040901034001201809
040901034007201809
040901036701201809
040901036707201809
040901037501201809
040901037507201809
040901037509201809
040901038301201809
040901038307201809
040901038309201809
040901039101201809
040901039107201809
040901039109201809
040901040501201809
040901040507201809
040901041301201809
040901041307201809
040901043001201809
040901043007201809
040901043009201809
040901045601201809
040901045607201809
040901046401201809
040901046407201809
040901047201201809
040901047207201809
040901048001201809
040901048007201809
040901048009201809
040901049901201809
040901050201201809
040901050207201809
040901051001201809
040901051007201809
040901051009201809
040901052901201809
040901052907201809
040901053701201809
040901053707201809
040901054501201809
040901054507201809
040901055301201809
040901055307201809
040901056101201809
040901056107201809
040901057001201809
040901057007201809
040901058801201809
040901058807201809
040902001001201809
040902001007201809
040902001009201809
040902002801201809
040902002807201809
040902002809201809
040902004401201809
040902004407201809
040902004409201809
040902005201201809
040902005207201809
040902007901201809
040902007907201809
040902007909201809
040902008701201809
040902008707201809
040902008709201809
040902009501201809
040902009507201809
040902009509201809
040902010901201809
040902010907201809
040902010909201809
040902012501201809
040902012507201809
040902012509201809
040902013301201809
040902013307201809
040902013309201809
040902014101201809
040902014107201809
040902014109201809
040902015001201809
040902015007201809
040902015009201809
040902016801201809
040902016807201809
040902016809201809
040902017601201809
040902017607201809
040902017609201809
040903001501201809
040903001509201809
040903002301201809
040903003101201809
040903004001201809
040904001001201809
040904001007201809
040904001009201809
040904003701201809
040904003707201809
040904003709201809
040904004501201809
040904004507201809
040904005301201809
040904005307201809
040904005309201809
040904007001201809
040904007007201809
040904007009201809
040904008801201809
040904008807201809
040904008809201809
040904009601201809
040904009607201809
040904009609201809
040904011801201809
040904011807201809
040904011809201809
040904012601201809
040904012607201809
040904012609201809
040904013401201809
040904013407201809
040904013409201809
040904014201201809
040904014209201809
040904015001201809
040904015007201809
040904015009201809
040904016901201809
040904016907201809
040904016909201809
040904017701201809
040904017707201809
040904017709201809
040904018501201809
040904018507201809
040904018509201809
040904019301201809
040904019307201809
040904019309201809
040904020701201809
040904020707201809
040904020709201809
040904021501201809
040904021507201809
040904021509201809
040904022301201809
040904022309201809
040904023101201809
040904023107201809
040904023109201809
040904024001201809
040904024009201809
040905001601201809
040905001607201809
040905002401201809
040905002407201809
040905002409201809
040905003201201809
040905003209201809
040905004001201809
040905004007201809
040905004009201809
040905007501201809
040905007507201809
040905007509201809
040905008301201809
040905008307201809
040905008309201809
040905009101201809
040905009107201809
040905009109201809
040905010501201809
040905010507201809
040905010509201809
040905011301201809
040905011307201809
040905011309201809
040905013001201809
040905014801201809
040906001101201809
040906001102201809
040906001107201809
040906001109201809
040906002001201809
040906003801201809
040906003809201809
040906004601201809
040906004607201809
040906004609201809
040906005401201809
040906005402201809
040906005409201809
040906007001201809
040906007002201809
040906007009201809
040906010001201809
040906010007201809
040906011901201809
040906011907201809
040906012701201809
040906012707201809
040906013501201809
040906013507201809
040906014301201809
040906014307201809
040906015101201809
040906015107201809
040906016001201809
040906016007201809
040906017801201809
040906017807201809
040906017809201809
040906018601201809
040906018609201809
040906019401201809
040906019407201809
040906019409201809
040906020801201809
040906020807201809
040906020809201809
040906021601201809
040906021607201809
040906021609201809
040906022401201809
040906022407201809
040906022409201809
040906023201201809
040906023202201809
040906023207201809
040906023209201809
040906024001201809
040906024002201809
040906024007201809
040906024009201809
040906025901201809
040906025902201809
040906025907201809
040906025909201809
040906026701201809
040906026702201809
040906026707201809
040906026709201809
040906027501201809
040906027507201809
040906027509201809
040906028301201809
040906028307201809
040906029101201809
040907001701201809
040907001709201809
040907002501201809
040907002509201809
040907003301201809
040907003309201809
040907004101201809
040907004109201809
040907005001201809
040907006801201809
040907006809201809
040907007601201809
040907007609201809
040907008401201809
040907008409201809
040907009201201809
040907009207201809
040907009209201809
040907010601201809
040907010607201809
040907010609201809
040907011401201809
040907011407201809
040907013001201809
040907013007201809
040907013009201809
040907014901201809
040907014907201809
040907014909201809
040907015701201809
040907015707201809
040907015709201809
040907019001201809
040907019009201809
040907020301201809
040907021101201809
040907021107201809
040907022001201809
040907022007201809
040907022009201809
040907023801201809
040907023807201809
040907024601201809
040907024607201809
040907025401201809
040907025407201809
040907026201201809
040907026207201809
040907026209201809
040907027001201809
040907027009201809
040907028901201809
040907028907201809
040907028909201809
040907029701201809
040907030001201809
040907030009201809
041001001401201809
041001001407201809
041001001409201809
041001005701201809
041001006501201809
041001006507201809
041001006509201809
041001007301201809
041001007307201809
041001007309201809
041001008101201809
041001008107201809
041001008109201809
041001009001201809
041001009009201809
041001011101201809
041001011107201809
041001011109201809
041001012001201809
041001012007201809
041001013801201809
041001014601201809
041001015401201809
041001016201201809
041001019701201809
041001020001201809
041101001801201809
041101001802201809
041101001809201809
041101002601201809
041101002602201809
041101003401201809
041101003402201809
041101004201201809
041101004202201809
041101005001201809
041101005002201809
041101005009201809
041101007701201809
041101007702201809
041101007709201809
041101008501201809
041101008502201809
041102001301201809
041102001302201809
041102001309201809
041102002101201809
041102002102201809
041102002109201809
041102003001201809
041102003002201809
041102004801201809
041102004802201809
041102005601201809
041102005602201809
041201001101201809
041201001107201809
041201002001201809
041201002007201809
041201003801201809
041201003807201809
041201003809201809
041201004601201809
041201004607201809
041201004609201809
041201007001201809
041201007007201809
041201008901201809
041201008907201809
041201009701201809
041201009707201809
041201010001201809
041201010007201809
041201011901201809
041201011907201809
041201013501201809
041201013507201809
041201014301201809
041201014307201809
041202001701201809
041202001707201809
041202002501201809
041202002507201809
041202003301201809
041202003307201809
041202005001201809
041202005007201809
041202006801201809
041202006807201809
041202007601201809
041202007607201809
041202008401201809
041202008407201809
041203001201201809
041203001207201809
041203004701201809
041203004707201809
041203008001201809
041203008007201809
041203009801201809
041203009807201809
041203009809201809
041203010101201809
041203010107201809
041203011001201809
041203011007201809
041204001801201809
041204001807201809
041204001809201809
041204002601201809
041204002607201809
041204003401201809
041204003407201809
041204004201201809
041204004207201809
041204005001201809
041204005007201809
041204006901201809
041204006907201809
041204008501201809
041204008507201809
041204008509201809
041204010701201809
041204010707201809
041204011501201809
041204011507201809
041204012301201809
041204012307201809
041204013101201809
041204013107201809
041204015801201809
041204015807201809
041204016601201809
041204016607201809
041204017401201809
041204017407201809
041204018201201809
041204018207201809
041204019001201809
041204019007201809
041204020401201809
041204020407201809
041204021201201809
041204021207201809
041204022001201809
041204022007201809
041204022009201809
041205001301201809
041205001307201809
041205003001201809
041205003007201809
041205004801201809
041205004807201809
041205006401201809
041205006407201809
041205007201201809
041205007207201809
041205008001201809
041205008007201809
041205010201201809
041205010207201809
041205011001201809
041205011007201809
041205013701201809
041205013707201809
041205014501201809
041205014507201809
041205015301201809
041205015307201809
041205016101201809
041205016107201809
041301001501201809
041301001507201809
041301006601201809
041301008201201809
041301008207201809
041301009001201809
041301009007201809
041303001601201809
041303001607201809
041303001609201809
041303002401201809
041303002407201809
041303002409201809
041303003201201809
041303003209201809
041303005901201809
041303005907201809
041303005909201809
041303006701201809
041303006709201809
041303007501201809
041303007509201809
041303008301201809
041303008307201809
041303008309201809
041304002001201809
041304002007201809
041304003801201809
041304004601201809
041304005401201809
041304005409201809
041304006201201809
041304006209201809
041304007001201809
041304007009201809
041304008901201809
041304008909201809
041304009701201809
041304009707201809
041304010001201809
041304010007201809
041304011901201809
041304011907201809
041304011909201809
041304012701201809
041304012707201809
041304012709201809
041304013501201809
041304013507201809
041304013509201809
041304014301201809
041304014307201809
041304014309201809
041304015101201809
041304015107201809
041304015109201809
041304016001201809
041304016007201809
041304017801201809
041304017807201809
041304018601201809
041304018607201809
041304018609201809
041304019401201809
041304019407201809
041304019409201809
041304020801201809
041304020807201809
041304020809201809
041304021601201809
041304021607201809
041304021609201809
041304022401201809
041304022407201809
041304022409201809
041304023201201809
041304023207201809
041304023209201809
041304024001201809
041304024007201809
041304025901201809
041304025909201809
041304026701201809
041401002701201809
041401003501201809
041401025601201809
041401025607201809
041401025609201809
041401027201201809
041401027207201809
041401027209201809
041401032901201809
041401032907201809
041401032909201809
041401034501201809
041401034507201809
041401034509201809
041402002201201809
041402002203201809
041402002207201809
041402002209201809
041402003001201809
041402003003201809
041402003007201809
041402003009201809
041402004901201809
041402004903201809
041402004907201809
041402004909201809
041402005701201809
041402005703201809
041402005707201809
041402005709201809
041402006501201809
041402006503201809
041402006507201809
041402006509201809
041402007301201809
041402007303201809
041402007307201809
041402007309201809
041402008101201809
041402008103201809
041402008107201809
041402008109201809
041402009001201809
041402009003201809
041402009007201809
041402009009201809
041402014601201809
041402014603201809
041402014607201809
041402014609201809
041402015401201809
041402015403201809
041402015407201809
041402015409201809
041402016201201809
041402016203201809
041402016207201809
041402016209201809
041402020001201809
041402020003201809
041402020007201809
041402020009201809
041402021901201809
041402021903201809
041402021907201809
041402021909201809
041402024301201809
041402024303201809
041402024307201809
041402024309201809
041402027801201809
041402027803201809
041402027807201809
041402027809201809
041402029401201809
041402029403201809
041402029407201809
041402029409201809
041402036701201809
041402036703201809
041402036707201809
041402036709201809
041402037501201809
041402037503201809
041402037507201809
041402037509201809
041402041301201809
041402041303201809
041402041307201809
041402041309201809
041501001201201809
041501001207201809
041502001801201809
041502003401201809
041502003407201809
041502004201201809
041502004207201809
041502005001201809
041502005007201809
041502006901201809
041502006907201809
041502007701201809
041502007707201809
041503001301201809
041503001307201809
041504002701201809
041504002707201809
041504003501201809
041504003507201809
041601001601201809
041601001607201809
041601002401201809
041601002407201809
041601003201201809
041601003207201809
041601004001201809
041601004007201809
041601007501201809
041601007507201809
041601009101201809
041601009107201809
041601011301201809
041601011307201809
041601011309201809
041601012101201809
041601013001201809
041601016401201809
041601016407201809
041601017201201809
041601017207201809
041601017209201809
041601018001201809
041601018007201809
041601019901201809
041601019907201809
041601020201201809
041601020207201809
041601021001201809
041601021007201809
041601022901201809
041601022907201809
041602002001201809
041602002007201809
041602015101201809
041602015107201809
041602016001201809
041602016007201809
041602017801201809
041602017807201809
041602017809201809
041602018601201809
041602018607201809
041602018609201809
041602019401201809
041602019407201809
041602020801201809
041602020807201809
041602021601201809
041602021607201809
041602021609201809
041602022401201809
041602022407201809
041602023201201809
041602023207201809
041602024001201809
041602024007201809
041602024009201809
041602025901201809
041602025907201809
041603001701201809
041603001707201809
041603001709201809
041603002501201809
041603002507201809
041603002509201809
041603003301201809
041603003307201809
041603003309201809
041603004101201809
041603004107201809
041603004109201809
041603006801201809
041603006807201809
041603007601201809
041603008401201809
041603008407201809
041603009201201809
041603009207201809
041603014901201809
041603014907201809
041603014909201809
041603015701201809
041603015707201809
041603015709201809
041603016501201809
041603016507201809
041603017301201809
041603017307201809
041603018101201809
041603018107201809
041603019001201809
041603020301201809
041603020307201809
041603021101201809
041603021107201809
041603022001201809
041603022007201809
041603023801201809
041603023807201809
041603024601201809
041603024607201809
041603025401201809
041603026201201809
041603027001201809
041603027007201809
041603028901201809
041603029701201809
041603030001201809
041603030007201809
041603031901201809
041603031907201809
041603032701201809
041603032707201809
041603032709201809
041603033501201809
041603033507201809
041603033509201809
041603034301201809
041603034307201809
041603035101201809
041603035107201809
041603035109201809
041603036001201809
041603036007201809
041604001201201809
041604001207201809
041604002001201809
041604002007201809
041604003901201809
041604003907201809
041604004701201809
041604004707201809
041604005501201809
041604005507201809
041604007101201809
041604007107201809
041604010101201809
041604010107201809
041604011001201809
041604011007201809
041604012801201809
041604012807201809
041604014401201809
041604014407201809
041604017901201809
041604017909201809
041604018701201809
041604018709201809
041604019501201809
041604019509201809
041604020901201809
041604020907201809
041604021701201809
041604021707201809
041604022501201809
041604022507201809
041604023301201809
041604023307201809
041604024101201809
041604024107201809
041604025001201809
041604025007201809
041604026801201809
041604026807201809
041604027601201809
041604027607201809
041605001801201809
041605001807201809
041605002601201809
041605002607201809
041605003401201809
041605003407201809
041605005001201809
041605005007201809
041605007701201809
041605007707201809
041605009301201809
041605009307201809
041605010701201809
041605010707201809
041605011501201809
041605011507201809
041606001301201809
041606001307201809
041606001309201809
041606002101201809
041606002107201809
041606003001201809
041606003007201809
041606005601201809
041606005607201809
041606006401201809
041606006407201809
041606008001201809
041606008007201809
041606009901201809
041606009907201809
041606010201201809
041606010207201809
041606011001201809
041606011007201809
041606012901201809
041606012907201809
041608001401201809
041608001407201809
041608001409201809
041608003001201809
041608003007201809
041608003009201809
041608008101201809
041608008107201809
041608009001201809
041608009007201809
041608011101201809
041608011107201809
041608012001201809
041608012007201809
041608012009201809
041609001001201809
041609001007201809
041609002801201809
041609002807201809
041609003601201809
041609003607201809
041609007901201809
041609007907201809
041609010901201809
041609010907201809
041609011701201809
041609011707201809
041609012501201809
041609012507201809
041609013301201809
041609013307201809
041611001001201809
041611001007201809
041611002901201809
041611002907201809
041611003701201809
041611003707201809
041611004501201809
041611004507201809
041611005301201809
041611005307201809
041611006101201809
041611006107201809
041611007001201809
041611007007201809
041611008801201809
041611008807201809
041612002401201809
041612003201201809
041612004001201809
041612004009201809
041612005901201809
041612005909201809
050103006901201809
050103006903201809
050103006907201809
050201001074201809
050201001075201809
050201001076201809
050201001077201809
050201001078201809
050201001079201809
050201002977201809
050201002978201809
050201002979201809
050201002980201809
050201002981201809
050201002982201809
050301001401201809
050301001403201809
050301001474201809
050301001475201809
050301001476201809
050301001477201809
050301001478201809
050301001479201809
050301001480201809
050301001481201809
050301001482201809
050301002201201809
050301002274201809
050301002275201809
050301002276201809
050301002277201809
050301002278201809
050301002279201809
050301002280201809
050301002281201809
050301002282201809
050302001001201809
050302002801201809
050303001574201809
050303001575201809
050303001576201809
050303001577201809
050303001578201809
050303001579201809
050303001580201809
050303001581201809
050303001582201809
050303002301201809
050303002374201809
050303002375201809
050303002376201809
050303002377201809
050303002378201809
050303002379201809
050303002380201809
050303002381201809
050303002382201809
050303003101201809
050303003174201809
050303003175201809
050303003176201809
050303003177201809
050303003178201809
050303003179201809
050303003180201809
050303003181201809
050303003182201809
050303004001201809
050303004074201809
050303004075201809
050303004076201809
050303004077201809
050303004078201809
050303004080201809
050303004081201809
050303004082201809
050303005801201809
050303005874201809
050303005875201809
050303005876201809
050303005877201809
050303005878201809
050303005879201809
050303005880201809
050303005881201809
050303005882201809
050303006601201809
050303006674201809
050303006675201809
050303006676201809
050303006677201809
050303006678201809
050303006679201809
050303006680201809
050303006681201809
050303006682201809
050303007401201809
050303007474201809
050303007475201809
050303007476201809
050303007477201809
050303007478201809
050303007479201809
050303007480201809
050303007481201809
050303007482201809
050303008201201809
050303008274201809
050303008275201809
050303008276201809
050303008277201809
050303008278201809
050303008279201809
050303008280201809
050303008281201809
050303008282201809
050303009001201809
050303009074201809
050303009075201809
050303009076201809
050303009077201809
050303009078201809
050303009079201809
050303009080201809
050303009081201809
050303009082201809
050303010401201809
050303010474201809
050303010475201809
050303010476201809
050303010477201809
050303010478201809
050303010479201809
050303010480201809
050303010481201809
050303010482201809
050304004574201809
050304004575201809
050304004576201809
050304004577201809
050304004578201809
050304004579201809
050304004580201809
050304004581201809
050304004582201809
050501001103201809
050501001107201809
050501002003201809
050501002007201809
050501003803201809
050501003807201809
050501004603201809
050501004607201809
050501005403201809
050501005407201809
050501006203201809
050501006207201809
050501007003201809
050501007007201809
050501008903201809
050501008907201809
050501009701201809
050501009707201809
050501009709201809
050501010001201809
050501010007201809
050501010009201809
050501011901201809
050501011907201809
050501011909201809
050501012701201809
050501012707201809
050501012709201809
050502004101201809
050502004107201809
050502005001201809
050502005007201809
050502006801201809
050502007601201809
050502008401201809
050502009201201809
050502010601201809
050502011401201809
050502011407201809
050502012201201809
050502013001201809
050502013007201809
050602001012201809
050602002912201809
050602003712201809
050602004503201809
050602004507201809
050602004509201809
050602004512201809
050602005301201809
050602005303201809
050602005307201809
050602006101201809
050602006103201809
050602006107201809
050602007001201809
050602007003201809
050602007007201809
050602008801201809
050602008803201809
050602008807201809
050602009601201809
050602009603201809
050602009607201809
050602010001201809
050602010003201809
050602010007201809
050602011801201809
050602011803201809
050602011807201809
050602012601201809
050602012603201809
050602012607201809
070209005001201809
070209005007201809
070209006901201809
070209006907201809
080201006765201809
080201007579201809
080201008375201809
080201009176201809
080201010574201809
080201011383201809
080201012181201809
080201013082201809
080201014877201809
080201015678201809
080201016480201809
080201021085201809
080201022986201809
080201023792201809
080201024593201809
080201025387201809
080201026187201809
080201027087201809
