02010105691720000000000060000000000201809
02010105851720000000000060000000000201809
02010106071720000000000060000000000201809
02010106661719000600000060000000000201809
02040301883201000000000044880000000201809
02050100320203000000000150000000000201809
02050100400203000000000165150000000201809
02050200460203000000000121340000000201809
02050201601719000600000060000000000201809
02050201861719000000000000000000000201809
02090100370203000000000107640000000201809
02090400332701000200000000000002000201809
02090400332702000350000000000003500201809
02090400332703000500000000000005000201809
02110400291719000000000060000000000201809
02110700252204000000000100000000000201809
02110700252205000000000100000000000201809
02110700332204000000000100000000000201809
02110700332205000000000100000000000201809
02110700412204000000000100000000000201809
02110700412205000000000100000000000201809
02110701572204000000000100000000000201809
02110701572205000000000100000000000201809
02110702032204000000000100000000000201809
02110702032205000000000100000000000201809
02110702112204000000000100000000000201809
02110702112205000000000100000000000201809
02110702462204000000000100000000000201809
02110702462205000000000100000000000201809
02110702622204000000000100000000000201809
02110702622205000000000100000000000201809
02110800550203000000000277360000000201809
03011100182101000000000066670000000201809
03011100182102000000000066670000000201809
03030100102701000200000000000002000201809
03030100102702000350000000000003500201809
03030100102703000500000000000005000201809
03030100372701000200000000000002000201809
03030100372702000350000000000003500201809
03030100372703000500000000000005000201809
03030100452701000200000000000002000201809
03030100452702000350000000000003500201809
03030100452703000500000000000005000201809
03030100612701000200000000000002000201809
03030100612702000350000000000003500201809
03030100612703000500000000000005000201809
03030100702701000200000000000002000201809
03030100702702000350000000000003500201809
03030100702703000500000000000005000201809
03030101182701000200000000000002000201809
03030101182702000350000000000003500201809
03030101182703000500000000000005000201809
03030101342701000200000000000002000201809
03030101342702000350000000000003500201809
03030101342703000500000000000005000201809
03030101422701000200000000000002000201809
03030101422702000350000000000003500201809
03030101422703000500000000000005000201809
03030101852701000200000000000002000201809
03030101852702000350000000000003500201809
03030101852703000500000000000005000201809
03030101932701000200000000000002000201809
03030101932702000350000000000003500201809
03030101932703000500000000000005000201809
03030300382701000200000000000002000201809
03030300382702000350000000000003500201809
03030300382703000500000000000005000201809
03030300462701000200000000000002000201809
03030300462702000350000000000003500201809
03030300462703000500000000000005000201809
03030300542701000200000000000002000201809
03030300542702000350000000000003500201809
03030300542703000500000000000005000201809
03030400412701000200000000000002000201809
03030400412702000350000000000003500201809
03030400412703000500000000000005000201809
03030400502701000200000000000002000201809
03030400502702000350000000000003500201809
03030400502703000500000000000005000201809
03030400843401000800000000000008000201809
03030400843402000800000000000008000201809
03030400843403000800000000000008000201809
03030400923401000800000000000008000201809
03030400923402000800000000000008000201809
03030400923403000800000000000008000201809
03030401063401000800000000000008000201809
03030401063402000800000000000008000201809
03030401063403000800000000000008000201809
03030401492701000200000000000002000201809
03030401492702000350000000000003500201809
03030401492703000500000000000005000201809
03030401652701000200000000000002000201809
03030401652702000350000000000003500201809
03030401652703000500000000000005000201809
03030402382701000200000000000002000201809
03030402382702000350000000000003500201809
03030402382703000500000000000005000201809
03030402702701000200000000000002000201809
03030402702702000350000000000003500201809
03030402702703000500000000000005000201809
03030402972701000200000000000002000201809
03030402972702000350000000000003500201809
03030402972703000500000000000005000201809
03030600182701000200000000000002000201809
03030600182702000350000000000003500201809
03030600182703000500000000000005000201809
03030600262701000200000000000002000201809
03030600262702000350000000000003500201809
03030600262703000500000000000005000201809
03030600342701000200000000000002000201809
03030600342702000350000000000003500201809
03030600342703000500000000000005000201809
03030600422701000200000000000002000201809
03030600422702000350000000000003500201809
03030600422703000500000000000005000201809
03030600502701000200000000000002000201809
03030600502702000350000000000003500201809
03030600502703000500000000000005000201809
03030600692701000200000000000002000201809
03030600692702000350000000000003500201809
03030600692703000500000000000005000201809
03030600852701000200000000000002000201809
03030600852702000350000000000003500201809
03030600852703000500000000000005000201809
03030600932701000200000000000002000201809
03030600932702000350000000000003500201809
03030600932703000500000000000005000201809
03030601072701000200000000000002000201809
03030601072702000350000000000003500201809
03030601072703000500000000000005000201809
03030601152701000200000000000002000201809
03030601152702000350000000000003500201809
03030601152703000500000000000005000201809
03030601312701000200000000000002000201809
03030601312702000350000000000003500201809
03030601312703000500000000000005000201809
03030601402701000200000000000002000201809
03030601402702000350000000000003500201809
03030601402703000500000000000005000201809
03030601582701000200000000000002000201809
03030601582702000350000000000003500201809
03030601582703000500000000000005000201809
03030601662701000200000000000002000201809
03030601662702000350000000000003500201809
03030601662703000500000000000005000201809
03030601742701000200000000000002000201809
03030601742702000350000000000003500201809
03030601742703000500000000000005000201809
03030601822701000200000000000002000201809
03030601822702000350000000000003500201809
03030601822703000500000000000005000201809
03030601902701000200000000000002000201809
03030601902702000350000000000003500201809
03030601902703000500000000000005000201809
03030602042701000200000000000002000201809
03030602042702000350000000000003500201809
03030602042703000500000000000005000201809
03030602122701000200000000000002000201809
03030602122702000350000000000003500201809
03030602122703000500000000000005000201809
03030602392701000200000000000002000201809
03030602392702000350000000000003500201809
03030602392703000500000000000005000201809
03030602472701000200000000000002000201809
03030602472702000350000000000003500201809
03030602472703000500000000000005000201809
03030602632701000200000000000002000201809
03030602632702000350000000000003500201809
03030602632703000500000000000005000201809
03030602712701000200000000000002000201809
03030602712702000350000000000003500201809
03030602712703000500000000000005000201809
03030602802701000200000000000002000201809
03030602802702000350000000000003500201809
03030602802703000500000000000005000201809
03030602982701000200000000000002000201809
03030602982702000350000000000003500201809
03030602982703000500000000000005000201809
03030700642701000200000000000002000201809
03030700642702000350000000000003500201809
03030700642703000500000000000005000201809
03030700722701000200000000000002000201809
03030700722702000350000000000003500201809
03030700722703000500000000000005000201809
03030700802701000200000000000002000201809
03030700802702000350000000000003500201809
03030700802703000500000000000005000201809
03030700992701000200000000000002000201809
03030700992702000350000000000003500201809
03030700992703000500000000000005000201809
03030701022701000200000000000002000201809
03030701022702000350000000000003500201809
03030701022703000500000000000005000201809
03030701102701000200000000000002000201809
03030701102702000350000000000003500201809
03030701102703000500000000000005000201809
03030701292701000200000000000002000201809
03030701292702000350000000000003500201809
03030701292703000500000000000005000201809
03030800512701000200000000000002000201809
03030800512702000350000000000003500201809
03030800512703000500000000000005000201809
03030800602701000200000000000002000201809
03030800602702000350000000000003500201809
03030800602703000500000000000005000201809
03030800782701000200000000000002000201809
03030800782702000350000000000003500201809
03030800782703000500000000000005000201809
03031000102701000200000000000002000201809
03031000102702000350000000000003500201809
03031000102703000500000000000005000201809
03031000442701000200000000000002000201809
03031000442702000350000000000003500201809
03031000442703000500000000000005000201809
03031000522701000200000000000002000201809
03031000522702000350000000000003500201809
03031000522703000500000000000005000201809
03031100402701000200000000000002000201809
03031100402702000350000000000003500201809
03031100402703000500000000000005000201809
03031100662701000200000000000002000201809
03031100662702000350000000000003500201809
03031100662703000500000000000005000201809
03031101042701000200000000000002000201809
03031101042702000350000000000003500201809
03031101042703000500000000000005000201809
03031101122701000200000000000002000201809
03031101122702000350000000000003500201809
03031101122703000500000000000005000201809
03031400202701000200000000000002000201809
03031400202702000350000000000003500201809
03031400202703000500000000000005000201809
03031400382701000200000000000002000201809
03031400382702000350000000000003500201809
03031400382703000500000000000005000201809
03031400462701000200000000000002000201809
03031400462702000350000000000003500201809
03031400462703000500000000000005000201809
03031400542701000200000000000002000201809
03031400542702000350000000000003500201809
03031400542703000500000000000005000201809
03031400622701000200000000000002000201809
03031400622702000350000000000003500201809
03031400622703000500000000000005000201809
03031400972701000200000000000002000201809
03031400972702000350000000000003500201809
03031400972703000500000000000005000201809
03031401002701000200000000000002000201809
03031401002702000350000000000003500201809
03031401002703000500000000000005000201809
03031401192701000200000000000002000201809
03031401192702000350000000000003500201809
03031401192703000500000000000005000201809
03031401272701000200000000000002000201809
03031401272702000350000000000003500201809
03031401272703000500000000000005000201809
03031401352701000200000000000002000201809
03031401352702000350000000000003500201809
03031401352703000500000000000005000201809
03031401432701000200000000000002000201809
03031401432702000350000000000003500201809
03031401432703000500000000000005000201809
03031401512701000200000000000002000201809
03031401512702000350000000000003500201809
03031401512703000500000000000005000201809
03031500252701000200000000000002000201809
03031500252702000350000000000003500201809
03031500252703000500000000000005000201809
03031500332701000200000000000002000201809
03031500332702000350000000000003500201809
03031500332703000500000000000005000201809
03031500412701000200000000000002000201809
03031500412702000350000000000003500201809
03031500412703000500000000000005000201809
03031500502701000200000000000002000201809
03031500502702000350000000000003500201809
03031500502703000500000000000005000201809
03031500682701000200000000000002000201809
03031500682702000350000000000003500201809
03031500682703000500000000000005000201809
03031600202701000200000000000002000201809
03031600202702000350000000000003500201809
03031600202703000500000000000005000201809
03031600392701000200000000000002000201809
03031600392702000350000000000003500201809
03031600392703000500000000000005000201809
03031600472701000200000000000002000201809
03031600472702000350000000000003500201809
03031600472703000500000000000005000201809
03031600552701000200000000000002000201809
03031600552702000350000000000003500201809
03031600552703000500000000000005000201809
03031600632701000200000000000002000201809
03031600632702000350000000000003500201809
03031600632703000500000000000005000201809
03031600712701000200000000000002000201809
03031600712702000350000000000003500201809
03031600712703000500000000000005000201809
03031700930601000680000000000006800201809
03031700930602000539000000000005390201809
03031700930603000389700000000003897201809
03031700930604000323000000000003230201809
03031700930605000286000000000002860201809
03031700930606000269600000000002696201809
03031700930607000235800000000002358201809
03031700930608000205000000000002050201809
03031700930609000172600000000001726201809
03031700930610000168000000000001680201809
03031700930611000142000000000001420201809
03031700930612000138000000000001380201809
03031700930613000113200000000001132201809
03031700930614000111000000000001110201809
03031700930631000740900000000023352201809
03031700930632000484100000000018436201809
03031700930633000351600000000015922201809
03031700930634000246400000000013855201809
03031701900631001886300000000045286201809
03031701900632001452000000000036966201809
03031701900633001126600000000032379201809
03031701900634001066900000000029553201809
03031702040631001313600000000034316201809
03031702040632000955900000000029398201809
03031702040633000761400000000026893201809
03031702040634000634500000000024813201809
03050101071507000000000003020000000201809
03050101071509000000000006040000000201809
03050101071511000000000009060000000201809
03050101071513000000000012080000000201809
03050101151507000000000003020000000201809
03050101151509000000000006040000000201809
03050101151511000000000009060000000201809
03050101151513000000000012080000000201809
03050101661508000000000003020000000201809
03050101661510000000000006040000000201809
03050101661512000000000009060000000201809
03050101661514000000000012080000000201809
03050101742701000200000000000002000201809
03050101742702000350000000000003500201809
03050101742703000500000000000005000201809
03050102041507000000000003020000000201809
03050102041509000000000006040000000201809
03050102041511000000000009060000000201809
03050102041513000000000012080000000201809
03050200212701000200000000000002000201809
03050200212702000350000000000003500201809
03050200212703000500000000000005000201809
03050200302701000200000000000002000201809
03050200302702000350000000000003500201809
03050200302703000500000000000005000201809
03050200482701000200000000000002000201809
03050200482702000350000000000003500201809
03050200482703000500000000000005000201809
03050200562701000200000000000002000201809
03050200562702000350000000000003500201809
03050200562703000500000000000005000201809
03070401190401000000000250000000000201809
03070401270401000000000050000000000201809
03080100192701000200000000000002000201809
03080100192702000350000000000003500201809
03080100192703000500000000000005000201809
03080100193401000800000000000008000201809
03080100193402000800000000000008000201809
03080100193403000800000000000008000201809
03080100272701000200000000000002000201809
03080100272702000350000000000003500201809
03080100272703000500000000000005000201809
03080100273401000800000000000008000201809
03080100273402000800000000000008000201809
03080100273403000800000000000008000201809
03080100352701000200000000000002000201809
03080100352702000350000000000003500201809
03080100352703000500000000000005000201809
03080100353401000800000000000008000201809
03080100353402000800000000000008000201809
03080100353403000800000000000008000201809
03080100432701000200000000000002000201809
03080100432702000350000000000003500201809
03080100432703000500000000000005000201809
03080100433401000800000000000008000201809
03080100433402000800000000000008000201809
03080100433403000800000000000008000201809
03080200222701000200000000000002000201809
03080200222702000350000000000003500201809
03080200222703000500000000000005000201809
03080200223401000800000000000008000201809
03080200223402000800000000000008000201809
03080200223403000800000000000008000201809
03080200302701000200000000000002000201809
03080200302702000350000000000003500201809
03080200302703000500000000000005000201809
03080200303401000800000000000008000201809
03080200303402000800000000000008000201809
03080200303403000800000000000008000201809
03080300102701000200000000000002000201809
03080300102702000350000000000003500201809
03080300102703000500000000000005000201809
03080300103401000800000000000008000201809
03080300103402000800000000000008000201809
03080300103403000800000000000008000201809
03080300282701000200000000000002000201809
03080300282702000350000000000003500201809
03080300282703000500000000000005000201809
03080300283401000800000000000008000201809
03080300283402000800000000000008000201809
03080300283403000800000000000008000201809
03080300362701000200000000000002000201809
03080300362702000350000000000003500201809
03080300362703000500000000000005000201809
03080300363401000800000000000008000201809
03080300363402000800000000000008000201809
03080300363403000800000000000008000201809
03080400152701000200000000000002000201809
03080400152702000350000000000003500201809
03080400152703000500000000000005000201809
03100100201401000000000000000010000201809
03100100201402000000000000000010000201809
03100100201416000000000000000000850201809
03100100391404000085000000000000850201809
03100100391416000170000000000001700201809
03100100471416000050000000000000500201809
04010101042701000200000000000002000201809
04010101042702000350000000000003500201809
04010101042703000500000000000005000201809
04010200293401000800000000000008000201809
04010200293402000800000000000008000201809
04010200293403000800000000000008000201809
04010200373401000800000000000008000201809
04010200373402000800000000000008000201809
04010200373403000800000000000008000201809
04010200533401000800000000000008000201809
04010200533402000800000000000008000201809
04010200533403000800000000000008000201809
04010201262701000200000000000002000201809
04010201262702000350000000000003500201809
04010201262703000500000000000005000201809
04010201263401000800000000000008000201809
04010201263402000800000000000008000201809
04010201263403000800000000000008000201809
04010201342701000200000000000002000201809
04010201342702000350000000000003500201809
04010201342703000500000000000005000201809
04010201343401000800000000000008000201809
04010201343402000800000000000008000201809
04010201343403000800000000000008000201809
04030100203401000800000000000008000201809
04030100203402000800000000000008000201809
04030100203403000800000000000008000201809
04030100393401000800000000000008000201809
04030100393402000800000000000008000201809
04030100393403000800000000000008000201809
04030100633401000800000000000008000201809
04030100633402000800000000000008000201809
04030100633403000800000000000008000201809
04030102683401000800000000000008000201809
04030102683402000800000000000008000201809
04030102683403000800000000000008000201809
04030102763401000800000000000008000201809
04030102763402000800000000000008000201809
04030102763403000800000000000008000201809
04030102843401000800000000000008000201809
04030102843402000800000000000008000201809
04030102843403000800000000000008000201809
04030103063401000800000000000008000201809
04030103063402000800000000000008000201809
04030103063403000800000000000008000201809
04030103143401000800000000000008000201809
04030103143402000800000000000008000201809
04030103143403000800000000000008000201809
04030103493401000800000000000008000201809
04030103493402000800000000000008000201809
04030103493403000800000000000008000201809
04040100402701000200000000000002000201809
04040100402702000350000000000003500201809
04040100402703000500000000000005000201809
04040100592701000200000000000002000201809
04040100592702000350000000000003500201809
04040100592703000500000000000005000201809
04040100672701000200000000000002000201809
04040100672702000350000000000003500201809
04040100672703000500000000000005000201809
04040102022701000200000000000002000201809
04040102022702000350000000000003500201809
04040102022703000500000000000005000201809
04040102023401000800000000000008000201809
04040102023402000800000000000008000201809
04040102023403000800000000000008000201809
04040103772701000200000000000002000201809
04040103772702000350000000000003500201809
04040103772703000500000000000005000201809
04040200542701000200000000000002000201809
04040200542702000350000000000003500201809
04040200542703000500000000000005000201809
04040203132701000200000000000002000201809
04040203132702000350000000000003500201809
04040203132703000500000000000005000201809
04040203133401000800000000000008000201809
04040203133402000800000000000008000201809
04040203133403000800000000000008000201809
04040204293401000800000000000008000201809
04040204293402000800000000000008000201809
04040204293403000800000000000008000201809
04040204882701000200000000000002000201809
04040204882702000350000000000003500201809
04040204882703000500000000000005000201809
04040204962701000200000000000002000201809
04040204962702000350000000000003500201809
04040204962703000500000000000005000201809
04040204963401000800000000000008000201809
04040204963402000800000000000008000201809
04040204963403000800000000000008000201809
04040205002701000200000000000002000201809
04040205002702000350000000000003500201809
04040205002703000500000000000005000201809
04040205003401000800000000000008000201809
04040205003402000800000000000008000201809
04040205003403000800000000000008000201809
04040205182701000200000000000002000201809
04040205182702000350000000000003500201809
04040205182703000500000000000005000201809
04040205183401000800000000000008000201809
04040205183402000800000000000008000201809
04040205183403000800000000000008000201809
04040205262701000200000000000002000201809
04040205262702000350000000000003500201809
04040205262703000500000000000005000201809
04040205263401000800000000000008000201809
04040205263402000800000000000008000201809
04040205263403000800000000000008000201809
04040205342701000200000000000002000201809
04040205342702000350000000000003500201809
04040205342703000500000000000005000201809
04040205343401000800000000000008000201809
04040205343402000800000000000008000201809
04040205343403000800000000000008000201809
04040205422701000200000000000002000201809
04040205422702000350000000000003500201809
04040205422703000500000000000005000201809
04040205423401000800000000000008000201809
04040205423402000800000000000008000201809
04040205423403000800000000000008000201809
04040205502701000200000000000002000201809
04040205502702000350000000000003500201809
04040205502703000500000000000005000201809
04040205503401000800000000000008000201809
04040205503402000800000000000008000201809
04040205503403000800000000000008000201809
04040205772701000200000000000002000201809
04040205772702000350000000000003500201809
04040205772703000500000000000005000201809
04040205853401000800000000000008000201809
04040205853402000800000000000008000201809
04040205853403000800000000000008000201809
04040205932701000200000000000002000201809
04040205932702000350000000000003500201809
04040205932703000500000000000005000201809
04040205933401000800000000000008000201809
04040205933402000800000000000008000201809
04040205933403000800000000000008000201809
04040206072701000200000000000002000201809
04040206072702000350000000000003500201809
04040206072703000500000000000005000201809
04040206073401000800000000000008000201809
04040206073402000800000000000008000201809
04040206073403000800000000000008000201809
04040206663401000800000000000008000201809
04040206663402000800000000000008000201809
04040206663403000800000000000008000201809
04040207042701000200000000000002000201809
04040207042702000350000000000003500201809
04040207042703000500000000000005000201809
04040207043401000800000000000008000201809
04040207043402000800000000000008000201809
04040207043403000800000000000008000201809
04040207202701000200000000000002000201809
04040207202702000350000000000003500201809
04040207202703000500000000000005000201809
04040207203401000800000000000008000201809
04040207203402000800000000000008000201809
04040207203403000800000000000008000201809
04050100442701000200000000000002000201809
04050100442702000350000000000003500201809
04050100442703000500000000000005000201809
04050101763401000800000000000008000201809
04050101763402000800000000000008000201809
04050101763403000800000000000008000201809
04050300963401000800000000000008000201809
04050300963402000800000000000008000201809
04050300963403000800000000000008000201809
04060101022701000200000000000002000201809
04060101022702000350000000000003500201809
04060101022703000500000000000005000201809
04060101023401000800000000000008000201809
04060101023402000800000000000008000201809
04060101023403000800000000000008000201809
04060101102701000200000000000002000201809
04060101102702000350000000000003500201809
04060101102703000500000000000005000201809
04060101103401000800000000000008000201809
04060101103402000800000000000008000201809
04060101103403000800000000000008000201809
04060103402701000200000000000002000201809
04060103402702000350000000000003500201809
04060103402703000500000000000005000201809
04060105102701000200000000000002000201809
04060105102702000350000000000003500201809
04060105102703000500000000000005000201809
04060105792701000200000000000002000201809
04060105792702000350000000000003500201809
04060105792703000500000000000005000201809
04060106092701000200000000000002000201809
04060106092702000350000000000003500201809
04060106092703000500000000000005000201809
04060106252701000200000000000002000201809
04060106252702000350000000000003500201809
04060106252703000500000000000005000201809
04060107142701000200000000000002000201809
04060107142702000350000000000003500201809
04060107142703000500000000000005000201809
04060107492701000200000000000002000201809
04060107492702000350000000000003500201809
04060107492703000500000000000005000201809
04060107732701000200000000000002000201809
04060107732702000350000000000003500201809
04060107732703000500000000000005000201809
04060107812701000200000000000002000201809
04060107812702000350000000000003500201809
04060107812703000500000000000005000201809
04060107902701000200000000000002000201809
04060107902702000350000000000003500201809
04060107902703000500000000000005000201809
04060108032701000200000000000002000201809
04060108032702000350000000000003500201809
04060108032703000500000000000005000201809
04060108542701000200000000000002000201809
04060108542702000350000000000003500201809
04060108542703000500000000000005000201809
04060108702701000200000000000002000201809
04060108702702000350000000000003500201809
04060108702703000500000000000005000201809
04060109192701000200000000000002000201809
04060109192702000350000000000003500201809
04060109192703000500000000000005000201809
04060109272701000200000000000002000201809
04060109272702000350000000000003500201809
04060109272703000500000000000005000201809
04060109352701000200000000000002000201809
04060109352702000350000000000003500201809
04060109352703000500000000000005000201809
04060109603401000800000000000008000201809
04060109603402000800000000000008000201809
04060109603403000800000000000008000201809
04060109783401000800000000000008000201809
04060109783402000800000000000008000201809
04060109783403000800000000000008000201809
04060110102701000200000000000002000201809
04060110102702000350000000000003500201809
04060110102703000500000000000005000201809
04060110362701000200000000000002000201809
04060110362702000350000000000003500201809
04060110362703000500000000000005000201809
04060110442701000200000000000002000201809
04060110442702000350000000000003500201809
04060110442703000500000000000005000201809
04060110792701000200000000000002000201809
04060110792702000350000000000003500201809
04060110792703000500000000000005000201809
04060111172701000200000000000002000201809
04060111172702000350000000000003500201809
04060111172703000500000000000005000201809
04060111252701000200000000000002000201809
04060111252702000350000000000003500201809
04060111252703000500000000000005000201809
04060111332701000200000000000002000201809
04060111332702000350000000000003500201809
04060111332703000500000000000005000201809
04060111412701000200000000000002000201809
04060111412702000350000000000003500201809
04060111412703000500000000000005000201809
04060111502701000200000000000002000201809
04060111502702000350000000000003500201809
04060111502703000500000000000005000201809
04060111682701000200000000000002000201809
04060111682702000350000000000003500201809
04060111682703000500000000000005000201809
04060111762701000200000000000002000201809
04060111762702000350000000000003500201809
04060111762703000500000000000005000201809
04060111842701000200000000000002000201809
04060111842702000350000000000003500201809
04060111842703000500000000000005000201809
04060111922701000200000000000002000201809
04060111922702000350000000000003500201809
04060111922703000500000000000005000201809
04060112062701000200000000000002000201809
04060112062702000350000000000003500201809
04060112062703000500000000000005000201809
04060200192701000200000000000002000201809
04060200192702000350000000000003500201809
04060200192703000500000000000005000201809
04060200272701000200000000000002000201809
04060200272702000350000000000003500201809
04060200272703000500000000000005000201809
04060200352701000200000000000002000201809
04060200352702000350000000000003500201809
04060200352703000500000000000005000201809
04060200432701000200000000000002000201809
04060200432702000350000000000003500201809
04060200432703000500000000000005000201809
04060201242701000200000000000002000201809
04060201242702000350000000000003500201809
04060201242703000500000000000005000201809
04060201672701000200000000000002000201809
04060201672702000350000000000003500201809
04060201672703000500000000000005000201809
04060201832701000200000000000002000201809
04060201832702000350000000000003500201809
04060201832703000500000000000005000201809
04060203022701000200000000000002000201809
04060203022702000350000000000003500201809
04060203022703000500000000000005000201809
04060203102701000200000000000002000201809
04060203102702000350000000000003500201809
04060203102703000500000000000005000201809
04060203292701000200000000000002000201809
04060203292702000350000000000003500201809
04060203292703000500000000000005000201809
04060203372701000200000000000002000201809
04060203372702000350000000000003500201809
04060203372703000500000000000005000201809
04060203452701000200000000000002000201809
04060203452702000350000000000003500201809
04060203452703000500000000000005000201809
04060203532701000200000000000002000201809
04060203532702000350000000000003500201809
04060203532703000500000000000005000201809
04060203612701000200000000000002000201809
04060203612702000350000000000003500201809
04060203612703000500000000000005000201809
04060203702701000200000000000002000201809
04060203702702000350000000000003500201809
04060203702703000500000000000005000201809
04060203882701000200000000000002000201809
04060203882702000350000000000003500201809
04060203882703000500000000000005000201809
04060203962701000200000000000002000201809
04060203962702000350000000000003500201809
04060203962703000500000000000005000201809
04060204002701000200000000000002000201809
04060204002702000350000000000003500201809
04060204002703000500000000000005000201809
04060204182701000200000000000002000201809
04060204182702000350000000000003500201809
04060204182703000500000000000005000201809
04060204262701000200000000000002000201809
04060204262702000350000000000003500201809
04060204262703000500000000000005000201809
04060204342701000200000000000002000201809
04060204342702000350000000000003500201809
04060204342703000500000000000005000201809
04060204422701000200000000000002000201809
04060204422702000350000000000003500201809
04060204422703000500000000000005000201809
04060204502701000200000000000002000201809
04060204502702000350000000000003500201809
04060204502703000500000000000005000201809
04060204692701000200000000000002000201809
04060204692702000350000000000003500201809
04060204692703000500000000000005000201809
04060204772701000200000000000002000201809
04060204772702000350000000000003500201809
04060204772703000500000000000005000201809
04060204852701000200000000000002000201809
04060204852702000350000000000003500201809
04060204852703000500000000000005000201809
04060204932701000200000000000002000201809
04060204932702000350000000000003500201809
04060204932703000500000000000005000201809
04060204933401000800000000000008000201809
04060204933402000800000000000008000201809
04060204933403000800000000000008000201809
04060205072701000200000000000002000201809
04060205072702000350000000000003500201809
04060205072703000500000000000005000201809
04060205073401000800000000000008000201809
04060205073402000800000000000008000201809
04060205073403000800000000000008000201809
04060205152701000200000000000002000201809
04060205152702000350000000000003500201809
04060205152703000500000000000005000201809
04060205153401000800000000000008000201809
04060205153402000800000000000008000201809
04060205153403000800000000000008000201809
04060205232701000200000000000002000201809
04060205232702000350000000000003500201809
04060205232703000500000000000005000201809
04060205233401000800000000000008000201809
04060205233402000800000000000008000201809
04060205233403000800000000000008000201809
04060205312701000200000000000002000201809
04060205312702000350000000000003500201809
04060205312703000500000000000005000201809
04060205313401000800000000000008000201809
04060205313402000800000000000008000201809
04060205313403000800000000000008000201809
04060205403401000800000000000008000201809
04060205403402000800000000000008000201809
04060205403403000800000000000008000201809
04060205582701000200000000000002000201809
04060205582702000350000000000003500201809
04060205582703000500000000000005000201809
04060205822701000200000000000002000201809
04060205822702000350000000000003500201809
04060205822703000500000000000005000201809
04060205902701000200000000000002000201809
04060205902702000350000000000003500201809
04060205902703000500000000000005000201809
04060206042701000200000000000002000201809
04060206042702000350000000000003500201809
04060206042703000500000000000005000201809
04060300142701000200000000000002000201809
04060300142702000350000000000003500201809
04060300142703000500000000000005000201809
04060300222701000200000000000002000201809
04060300222702000350000000000003500201809
04060300222703000500000000000005000201809
04060300302701000200000000000002000201809
04060300302702000350000000000003500201809
04060300302703000500000000000005000201809
04060300492701000200000000000002000201809
04060300492702000350000000000003500201809
04060300492703000500000000000005000201809
04060300572701000200000000000002000201809
04060300572702000350000000000003500201809
04060300572703000500000000000005000201809
04060300652701000200000000000002000201809
04060300652702000350000000000003500201809
04060300652703000500000000000005000201809
04060300732701000200000000000002000201809
04060300732702000350000000000003500201809
04060300732703000500000000000005000201809
04060300812701000200000000000002000201809
04060300812702000350000000000003500201809
04060300812703000500000000000005000201809
04060300902701000200000000000002000201809
04060300902702000350000000000003500201809
04060300902703000500000000000005000201809
04060301032701000200000000000002000201809
04060301032702000350000000000003500201809
04060301032703000500000000000005000201809
04060301112701000200000000000002000201809
04060301112702000350000000000003500201809
04060301112703000500000000000005000201809
04060301202701000200000000000002000201809
04060301202702000350000000000003500201809
04060301202703000500000000000005000201809
04060301382701000200000000000002000201809
04060301382702000350000000000003500201809
04060301382703000500000000000005000201809
04060301462701000200000000000002000201809
04060301462702000350000000000003500201809
04060301462703000500000000000005000201809
04060400102701000200000000000002000201809
04060400102702000350000000000003500201809
04060400102703000500000000000005000201809
04060400282701000200000000000002000201809
04060400282702000350000000000003500201809
04060400282703000500000000000005000201809
04060400442701000200000000000002000201809
04060400442702000350000000000003500201809
04060400442703000500000000000005000201809
04060400522701000200000000000002000201809
04060400522702000350000000000003500201809
04060400522703000500000000000005000201809
04060400602701000200000000000002000201809
04060400602702000350000000000003500201809
04060400602703000500000000000005000201809
04060400792701000200000000000002000201809
04060400792702000350000000000003500201809
04060400792703000500000000000005000201809
04060400872701000200000000000002000201809
04060400872702000350000000000003500201809
04060400872703000500000000000005000201809
04060400952701000200000000000002000201809
04060400952702000350000000000003500201809
04060400952703000500000000000005000201809
04060401092701000200000000000002000201809
04060401092702000350000000000003500201809
04060401092703000500000000000005000201809
04060401172701000200000000000002000201809
04060401172702000350000000000003500201809
04060401172703000500000000000005000201809
04060401252701000200000000000002000201809
04060401252702000350000000000003500201809
04060401252703000500000000000005000201809
04060401332701000200000000000002000201809
04060401332702000350000000000003500201809
04060401332703000500000000000005000201809
04060401412701000200000000000002000201809
04060401412702000350000000000003500201809
04060401412703000500000000000005000201809
04060401502701000200000000000002000201809
04060401502702000350000000000003500201809
04060401502703000500000000000005000201809
04060401682701000200000000000002000201809
04060401682702000350000000000003500201809
04060401682703000500000000000005000201809
04060401762701000200000000000002000201809
04060401762702000350000000000003500201809
04060401762703000500000000000005000201809
04060401842701000200000000000002000201809
04060401842702000350000000000003500201809
04060401842703000500000000000005000201809
04060401922701000200000000000002000201809
04060401922702000350000000000003500201809
04060401922703000500000000000005000201809
04060402062701000200000000000002000201809
04060402062702000350000000000003500201809
04060402062703000500000000000005000201809
04060402302701000200000000000002000201809
04060402302702000350000000000003500201809
04060402302703000500000000000005000201809
04060402652701000200000000000002000201809
04060402652702000350000000000003500201809
04060402652703000500000000000005000201809
04060402732701000200000000000002000201809
04060402732702000350000000000003500201809
04060402732703000500000000000005000201809
04060402733401000800000000000008000201809
04060402733402000800000000000008000201809
04060402733403000800000000000008000201809
04060402812701000200000000000002000201809
04060402812702000350000000000003500201809
04060402812703000500000000000005000201809
04060402902701000200000000000002000201809
04060402902702000350000000000003500201809
04060402902703000500000000000005000201809
04060403032701000200000000000002000201809
04060403032702000350000000000003500201809
04060403032703000500000000000005000201809
04060403112701000200000000000002000201809
04060403112702000350000000000003500201809
04060403112703000500000000000005000201809
04060403202701000200000000000002000201809
04060403202702000350000000000003500201809
04060403202703000500000000000005000201809
04060403382701000200000000000002000201809
04060403382702000350000000000003500201809
04060403382703000500000000000005000201809
04060500152701000200000000000002000201809
04060500152702000350000000000003500201809
04060500152703000500000000000005000201809
04060500232701000200000000000002000201809
04060500232702000350000000000003500201809
04060500232703000500000000000005000201809
04060500312701000200000000000002000201809
04060500312702000350000000000003500201809
04060500312703000500000000000005000201809
04060500402701000200000000000002000201809
04060500402702000350000000000003500201809
04060500402703000500000000000005000201809
04060500582701000200000000000002000201809
04060500582702000350000000000003500201809
04060500582703000500000000000005000201809
04060500662701000200000000000002000201809
04060500662702000350000000000003500201809
04060500662703000500000000000005000201809
04060500742701000200000000000002000201809
04060500742702000350000000000003500201809
04060500742703000500000000000005000201809
04060500822701000200000000000002000201809
04060500822702000350000000000003500201809
04060500822703000500000000000005000201809
04060501042701000200000000000002000201809
04060501042702000350000000000003500201809
04060501042703000500000000000005000201809
04060501122701000200000000000002000201809
04060501122702000350000000000003500201809
04060501122703000500000000000005000201809
04060501202701000200000000000002000201809
04060501202702000350000000000003500201809
04060501202703000500000000000005000201809
04060501392701000200000000000002000201809
04060501392702000350000000000003500201809
04060501392703000500000000000005000201809
04070100332701000200000000000002000201809
04070100332702000350000000000003500201809
04070100332703000500000000000005000201809
04070100412701000200000000000002000201809
04070100412702000350000000000003500201809
04070100412703000500000000000005000201809
04070100762701000200000000000002000201809
04070100762702000350000000000003500201809
04070100762703000500000000000005000201809
04070100922701000200000000000002000201809
04070100922702000350000000000003500201809
04070100922703000500000000000005000201809
04070100923401000800000000000008000201809
04070100923402000800000000000008000201809
04070100923403000800000000000008000201809
04070101062701000200000000000002000201809
04070101062702000350000000000003500201809
04070101062703000500000000000005000201809
04070101063401000800000000000008000201809
04070101063402000800000000000008000201809
04070101063403000800000000000008000201809
04070101142701000200000000000002000201809
04070101142702000350000000000003500201809
04070101142703000500000000000005000201809
04070101652701000200000000000002000201809
04070101652702000350000000000003500201809
04070101652703000500000000000005000201809
04070101902701000200000000000002000201809
04070101902702000350000000000003500201809
04070101902703000500000000000005000201809
04070101903401000800000000000008000201809
04070101903402000800000000000008000201809
04070101903403000800000000000008000201809
04070102113401000800000000000008000201809
04070102113402000800000000000008000201809
04070102113403000800000000000008000201809
04070103002701000200000000000002000201809
04070103002702000350000000000003500201809
04070103002703000500000000000005000201809
04070200392701000200000000000002000201809
04070200392702000350000000000003500201809
04070200392703000500000000000005000201809
04070200472701000200000000000002000201809
04070200472702000350000000000003500201809
04070200472703000500000000000005000201809
04070200632701000200000000000002000201809
04070200632702000350000000000003500201809
04070200632703000500000000000005000201809
04070200633401000800000000000008000201809
04070200633402000800000000000008000201809
04070200633403000800000000000008000201809
04070200712701000200000000000002000201809
04070200712702000350000000000003500201809
04070200712703000500000000000005000201809
04070200982701000200000000000002000201809
04070200982702000350000000000003500201809
04070200982703000500000000000005000201809
04070200983401000800000000000008000201809
04070200983402000800000000000008000201809
04070200983403000800000000000008000201809
04070201012701000200000000000002000201809
04070201012702000350000000000003500201809
04070201012703000500000000000005000201809
04070201013401000800000000000008000201809
04070201013402000800000000000008000201809
04070201013403000800000000000008000201809
04070201362701000200000000000002000201809
04070201362702000350000000000003500201809
04070201362703000500000000000005000201809
04070201442701000200000000000002000201809
04070201442702000350000000000003500201809
04070201442703000500000000000005000201809
04070201522701000200000000000002000201809
04070201522702000350000000000003500201809
04070201522703000500000000000005000201809
04070201792701000200000000000002000201809
04070201792702000350000000000003500201809
04070201792703000500000000000005000201809
04070201793401000800000000000008000201809
04070201793402000800000000000008000201809
04070201793403000800000000000008000201809
04070201872701000200000000000002000201809
04070201872702000350000000000003500201809
04070201872703000500000000000005000201809
04070201873401000800000000000008000201809
04070201873402000800000000000008000201809
04070201873403000800000000000008000201809
04070202092701000200000000000002000201809
04070202092702000350000000000003500201809
04070202092703000500000000000005000201809
04070202093401000800000000000008000201809
04070202093402000800000000000008000201809
04070202093403000800000000000008000201809
04070202922701000200000000000002000201809
04070202922702000350000000000003500201809
04070202922703000500000000000005000201809
04070203062701000200000000000002000201809
04070203062702000350000000000003500201809
04070203062703000500000000000005000201809
04070203063401000800000000000008000201809
04070203063402000800000000000008000201809
04070203063403000800000000000008000201809
04070203572701000200000000000002000201809
04070203572702000350000000000003500201809
04070203572703000500000000000005000201809
04070203652701000200000000000002000201809
04070203652702000350000000000003500201809
04070203652703000500000000000005000201809
04070203812701000200000000000002000201809
04070203812702000350000000000003500201809
04070203812703000500000000000005000201809
04070204202701000200000000000002000201809
04070204202702000350000000000003500201809
04070204202703000500000000000005000201809
04070204462701000200000000000002000201809
04070204462702000350000000000003500201809
04070204462703000500000000000005000201809
04070204542701000200000000000002000201809
04070204542702000350000000000003500201809
04070204542703000500000000000005000201809
04070204622701000200000000000002000201809
04070204622702000350000000000003500201809
04070204622703000500000000000005000201809
04070204702701000200000000000002000201809
04070204702702000350000000000003500201809
04070204702703000500000000000005000201809
04070301232701000200000000000002000201809
04070301232702000350000000000003500201809
04070301232703000500000000000005000201809
04070301233401000800000000000008000201809
04070301233402000800000000000008000201809
04070301233403000800000000000008000201809
04070301312701000200000000000002000201809
04070301312702000350000000000003500201809
04070301312703000500000000000005000201809
04070301313401000800000000000008000201809
04070301313402000800000000000008000201809
04070301313403000800000000000008000201809
04070301402701000200000000000002000201809
04070301402702000350000000000003500201809
04070301402703000500000000000005000201809
04070301403401000800000000000008000201809
04070301403402000800000000000008000201809
04070301403403000800000000000008000201809
04070301582701000200000000000002000201809
04070301582702000350000000000003500201809
04070301582703000500000000000005000201809
04070301583401000800000000000008000201809
04070301583402000800000000000008000201809
04070301583403000800000000000008000201809
04070301662701000200000000000002000201809
04070301662702000350000000000003500201809
04070301662703000500000000000005000201809
04070301822701000200000000000002000201809
04070301822702000350000000000003500201809
04070301822703000500000000000005000201809
04070302202701000200000000000002000201809
04070302202702000350000000000003500201809
04070302202703000500000000000005000201809
04070400132701000200000000000002000201809
04070400132702000350000000000003500201809
04070400132703000500000000000005000201809
04070400212701000200000000000002000201809
04070400212702000350000000000003500201809
04070400212703000500000000000005000201809
04070400302701000200000000000002000201809
04070400302702000350000000000003500201809
04070400302703000500000000000005000201809
04070400562701000200000000000002000201809
04070400562702000350000000000003500201809
04070400562703000500000000000005000201809
04070401452701000200000000000002000201809
04070401452702000350000000000003500201809
04070401452703000500000000000005000201809
04070401612701000200000000000002000201809
04070401612702000350000000000003500201809
04070401612703000500000000000005000201809
04070401702701000200000000000002000201809
04070401702702000350000000000003500201809
04070401702703000500000000000005000201809
04070402422701000200000000000002000201809
04070402422702000350000000000003500201809
04070402422703000500000000000005000201809
04070402502701000200000000000002000201809
04070402502702000350000000000003500201809
04070402502703000500000000000005000201809
04080100453401000800000000000008000201809
04080100453402000800000000000008000201809
04080100453403000800000000000008000201809
04080100702701000200000000000002000201809
04080100702702000350000000000003500201809
04080100702703000500000000000005000201809
04080100703401000800000000000008000201809
04080100703402000800000000000008000201809
04080100703403000800000000000008000201809
04080101262701000200000000000002000201809
04080101262702000350000000000003500201809
04080101262703000500000000000005000201809
04080101342701000200000000000002000201809
04080101342702000350000000000003500201809
04080101342703000500000000000005000201809
04080101502518000800000000000008000201809
04080101502701000200000000000002000201809
04080101502702000350000000000003500201809
04080101502703000500000000000005000201809
04080101693401000800000000000008000201809
04080101693402000800000000000008000201809
04080101693403000800000000000008000201809
04080101772701000200000000000002000201809
04080101772702000350000000000003500201809
04080101772703000500000000000005000201809
04080101773401000800000000000008000201809
04080101773402000800000000000008000201809
04080101773403000800000000000008000201809
04080101852518000800000000000008000201809
04080101852701000200000000000002000201809
04080101852702000350000000000003500201809
04080101852703000500000000000005000201809
04080101932701000200000000000002000201809
04080101932702000350000000000003500201809
04080101932703000500000000000005000201809
04080101933401000800000000000008000201809
04080101933402000800000000000008000201809
04080101933403000800000000000008000201809
04080102072701000200000000000002000201809
04080102072702000350000000000003500201809
04080102072703000500000000000005000201809
04080102073401000800000000000008000201809
04080102073402000800000000000008000201809
04080102073403000800000000000008000201809
04080200162701000200000000000002000201809
04080200162702000350000000000003500201809
04080200162703000500000000000005000201809
04080200163401000800000000000008000201809
04080200163402000800000000000008000201809
04080200163403000800000000000008000201809
04080200242701000200000000000002000201809
04080200242702000350000000000003500201809
04080200242703000500000000000005000201809
04080200243401000800000000000008000201809
04080200243402000800000000000008000201809
04080200243403000800000000000008000201809
04080200592518000800000000000008000201809
04080200912518000800000000000008000201809
04080200912701000200000000000002000201809
04080200912702000350000000000003500201809
04080200912703000500000000000005000201809
04080201132701000200000000000002000201809
04080201132702000350000000000003500201809
04080201132703000500000000000005000201809
04080201302518000800000000000008000201809
04080201482518000800000000000008000201809
04080201562518000800000000000008000201809
04080201562701000200000000000002000201809
04080201562702000350000000000003500201809
04080201562703000500000000000005000201809
04080201642701000200000000000002000201809
04080201642702000350000000000003500201809
04080201642703000500000000000005000201809
04080201722701000200000000000002000201809
04080201722702000350000000000003500201809
04080201722703000500000000000005000201809
04080201802701000200000000000002000201809
04080201802702000350000000000003500201809
04080201802703000500000000000005000201809
04080201992701000200000000000002000201809
04080201992702000350000000000003500201809
04080201992703000500000000000005000201809
04080202022518000800000000000008000201809
04080202022701000200000000000002000201809
04080202022702000350000000000003500201809
04080202022703000500000000000005000201809
04080202102701000200000000000002000201809
04080202102702000350000000000003500201809
04080202102703000500000000000005000201809
04080202292701000200000000000002000201809
04080202292702000350000000000003500201809
04080202292703000500000000000005000201809
04080202452701000200000000000002000201809
04080202452702000350000000000003500201809
04080202452703000500000000000005000201809
04080203342701000200000000000002000201809
04080203342702000350000000000003500201809
04080203342703000500000000000005000201809
04080203343401000800000000000008000201809
04080203343402000800000000000008000201809
04080203343403000800000000000008000201809
04080203422518000800000000000008000201809
04080203422701000200000000000002000201809
04080203422702000350000000000003500201809
04080203422703000500000000000005000201809
04080203502518000800000000000008000201809
04080203692518000800000000000008000201809
04080203692701000200000000000002000201809
04080203692702000350000000000003500201809
04080203692703000500000000000005000201809
04080203772518000800000000000008000201809
04080203772701000200000000000002000201809
04080203772702000350000000000003500201809
04080203772703000500000000000005000201809
04080203852701000200000000000002000201809
04080203852702000350000000000003500201809
04080203852703000500000000000005000201809
04080203853401000800000000000008000201809
04080203853402000800000000000008000201809
04080203853403000800000000000008000201809
04080203932701000200000000000002000201809
04080203932702000350000000000003500201809
04080203932703000500000000000005000201809
04080203933401000800000000000008000201809
04080203933402000800000000000008000201809
04080203933403000800000000000008000201809
04080204072518000800000000000008000201809
04080204072701000200000000000002000201809
04080204072702000350000000000003500201809
04080204072703000500000000000005000201809
04080204152518000800000000000008000201809
04080204232518000800000000000008000201809
04080204232701000200000000000002000201809
04080204232702000350000000000003500201809
04080204232703000500000000000005000201809
04080204312518000800000000000008000201809
04080204312701000200000000000002000201809
04080204312702000350000000000003500201809
04080204312703000500000000000005000201809
04080204402518000800000000000008000201809
04080204582518000800000000000008000201809
04080204582701000200000000000002000201809
04080204582702000350000000000003500201809
04080204582703000500000000000005000201809
04080204662518000800000000000008000201809
04080204662701000200000000000002000201809
04080204662702000350000000000003500201809
04080204662703000500000000000005000201809
04080204822518000800000000000008000201809
04080204902518000800000000000008000201809
04080205042518000800000000000008000201809
04080205122518000800000000000008000201809
04080205122701000200000000000002000201809
04080205122702000350000000000003500201809
04080205122703000500000000000005000201809
04080205202518000800000000000008000201809
04080205202701000200000000000002000201809
04080205202702000350000000000003500201809
04080205202703000500000000000005000201809
04080205392701000200000000000002000201809
04080205392702000350000000000003500201809
04080205392703000500000000000005000201809
04080205472701000200000000000002000201809
04080205472702000350000000000003500201809
04080205472703000500000000000005000201809
04080205473401000800000000000008000201809
04080205473402000800000000000008000201809
04080205473403000800000000000008000201809
04080304532701000200000000000002000201809
04080304532702000350000000000003500201809
04080304532703000500000000000005000201809
04080305343401000800000000000008000201809
04080305343402000800000000000008000201809
04080305343403000800000000000008000201809
04080305423401000800000000000008000201809
04080305423402000800000000000008000201809
04080305423403000800000000000008000201809
04080305772701000200000000000002000201809
04080305772702000350000000000003500201809
04080305772703000500000000000005000201809
04080306073401000800000000000008000201809
04080306073402000800000000000008000201809
04080306073403000800000000000008000201809
04080306312701000200000000000002000201809
04080306312702000350000000000003500201809
04080306312703000500000000000005000201809
04080307472701000200000000000002000201809
04080307472702000350000000000003500201809
04080307472703000500000000000005000201809
04080401062701000200000000000002000201809
04080401062702000350000000000003500201809
04080401062703000500000000000005000201809
04080401063401000800000000000008000201809
04080401063402000800000000000008000201809
04080401063403000800000000000008000201809
04080401812701000200000000000002000201809
04080401812702000350000000000003500201809
04080401812703000500000000000005000201809
04080401902701000200000000000002000201809
04080401902702000350000000000003500201809
04080401902703000500000000000005000201809
04080401903401000800000000000008000201809
04080401903402000800000000000008000201809
04080401903403000800000000000008000201809
04080402032701000200000000000002000201809
04080402032702000350000000000003500201809
04080402032703000500000000000005000201809
04080402463401000800000000000008000201809
04080402463402000800000000000008000201809
04080402463403000800000000000008000201809
04080402543401000800000000000008000201809
04080402543402000800000000000008000201809
04080402543403000800000000000008000201809
04080402622701000200000000000002000201809
04080402622702000350000000000003500201809
04080402622703000500000000000005000201809
04080402623401000800000000000008000201809
04080402623402000800000000000008000201809
04080402623403000800000000000008000201809
04080402703401000800000000000008000201809
04080402703402000800000000000008000201809
04080402703403000800000000000008000201809
04080402972701000200000000000002000201809
04080402972702000350000000000003500201809
04080402972703000500000000000005000201809
04080402973401000800000000000008000201809
04080402973402000800000000000008000201809
04080402973403000800000000000008000201809
04080403002701000200000000000002000201809
04080403002702000350000000000003500201809
04080403002703000500000000000005000201809
04080403272701000200000000000002000201809
04080403272702000350000000000003500201809
04080403272703000500000000000005000201809
04080403352701000200000000000002000201809
04080403352702000350000000000003500201809
04080403352703000500000000000005000201809
04080403353401000800000000000008000201809
04080403353402000800000000000008000201809
04080403353403000800000000000008000201809
04080500122701000200000000000002000201809
04080500122702000350000000000003500201809
04080500122703000500000000000005000201809
04080500123401000800000000000008000201809
04080500123402000800000000000008000201809
04080500123403000800000000000008000201809
04080500203401000800000000000008000201809
04080500203402000800000000000008000201809
04080500203403000800000000000008000201809
04080500803401000800000000000008000201809
04080500803402000800000000000008000201809
04080500803403000800000000000008000201809
04080501012518000800000000000008000201809
04080501012701000200000000000002000201809
04080501012702000350000000000003500201809
04080501012703000500000000000005000201809
04080501282701000200000000000002000201809
04080501282702000350000000000003500201809
04080501282703000500000000000005000201809
04080501362518000800000000000008000201809
04080501442518000800000000000008000201809
04080501952701000200000000000002000201809
04080501952702000350000000000003500201809
04080501952703000500000000000005000201809
04080502092701000200000000000002000201809
04080502092702000350000000000003500201809
04080502092703000500000000000005000201809
04080502172701000200000000000002000201809
04080502172702000350000000000003500201809
04080502172703000500000000000005000201809
04080502252701000200000000000002000201809
04080502252702000350000000000003500201809
04080502252703000500000000000005000201809
04080502332701000200000000000002000201809
04080502332702000350000000000003500201809
04080502332703000500000000000005000201809
04080502333401000800000000000008000201809
04080502333402000800000000000008000201809
04080502333403000800000000000008000201809
04080502412701000200000000000002000201809
04080502412702000350000000000003500201809
04080502412703000500000000000005000201809
04080502502701000200000000000002000201809
04080502502702000350000000000003500201809
04080502502703000500000000000005000201809
04080502682701000200000000000002000201809
04080502682702000350000000000003500201809
04080502682703000500000000000005000201809
04080502842701000200000000000002000201809
04080502842702000350000000000003500201809
04080502842703000500000000000005000201809
04080502922701000200000000000002000201809
04080502922702000350000000000003500201809
04080502922703000500000000000005000201809
04080503222518000800000000000008000201809
04080504203401000800000000000008000201809
04080504203402000800000000000008000201809
04080504203403000800000000000008000201809
04080504382518000800000000000008000201809
04080504382701000200000000000002000201809
04080504382702000350000000000003500201809
04080504382703000500000000000005000201809
04080504542518000800000000000008000201809
04080504542701000200000000000002000201809
04080504542702000350000000000003500201809
04080504542703000500000000000005000201809
04080504622518000800000000000008000201809
04080504622701000200000000000002000201809
04080504622702000350000000000003500201809
04080504622703000500000000000005000201809
04080504702518000800000000000008000201809
04080504702701000200000000000002000201809
04080504702702000350000000000003500201809
04080504702703000500000000000005000201809
04080504893401000800000000000008000201809
04080504893402000800000000000008000201809
04080504893403000800000000000008000201809
04080504972518000800000000000008000201809
04080504972701000200000000000002000201809
04080504972702000350000000000003500201809
04080504972703000500000000000005000201809
04080505002701000200000000000002000201809
04080505002702000350000000000003500201809
04080505002703000500000000000005000201809
04080505003401000800000000000008000201809
04080505003402000800000000000008000201809
04080505003403000800000000000008000201809
04080505192701000200000000000002000201809
04080505192702000350000000000003500201809
04080505192703000500000000000005000201809
04080505193401000800000000000008000201809
04080505193402000800000000000008000201809
04080505193403000800000000000008000201809
04080505272518000800000000000008000201809
04080505272701000200000000000002000201809
04080505272702000350000000000003500201809
04080505272703000500000000000005000201809
04080505352518000800000000000008000201809
04080505433401000800000000000008000201809
04080505433402000800000000000008000201809
04080505433403000800000000000008000201809
04080505513401000800000000000008000201809
04080505513402000800000000000008000201809
04080505513403000800000000000008000201809
04080505602518000800000000000008000201809
04080505782518000800000000000008000201809
04080505782701000200000000000002000201809
04080505782702000350000000000003500201809
04080505782703000500000000000005000201809
04080505863401000800000000000008000201809
04080505863402000800000000000008000201809
04080505863403000800000000000008000201809
04080505943401000800000000000008000201809
04080505943402000800000000000008000201809
04080505943403000800000000000008000201809
04080506082518000800000000000008000201809
04080506163401000800000000000008000201809
04080506163402000800000000000008000201809
04080506163403000800000000000008000201809
04080506242701000200000000000002000201809
04080506242702000350000000000003500201809
04080506242703000500000000000005000201809
04080506243401000800000000000008000201809
04080506243402000800000000000008000201809
04080506243403000800000000000008000201809
04080506322701000200000000000002000201809
04080506322702000350000000000003500201809
04080506322703000500000000000005000201809
04080506323401000800000000000008000201809
04080506323402000800000000000008000201809
04080506323403000800000000000008000201809
04080506672518000800000000000008000201809
04080506672701000200000000000002000201809
04080506672702000350000000000003500201809
04080506672703000500000000000005000201809
04080506832701000200000000000002000201809
04080506832702000350000000000003500201809
04080506832703000500000000000005000201809
04080506833401000800000000000008000201809
04080506833402000800000000000008000201809
04080506833403000800000000000008000201809
04080506912701000200000000000002000201809
04080506912702000350000000000003500201809
04080506912703000500000000000005000201809
04080506913401000800000000000008000201809
04080506913402000800000000000008000201809
04080506913403000800000000000008000201809
04080507052701000200000000000002000201809
04080507052702000350000000000003500201809
04080507052703000500000000000005000201809
04080507053401000800000000000008000201809
04080507053402000800000000000008000201809
04080507053403000800000000000008000201809
04080507132701000200000000000002000201809
04080507132702000350000000000003500201809
04080507132703000500000000000005000201809
04080507133401000800000000000008000201809
04080507133402000800000000000008000201809
04080507133403000800000000000008000201809
04080600422701000200000000000002000201809
04080600422702000350000000000003500201809
04080600422703000500000000000005000201809
04080600423401000800000000000008000201809
04080600423402000800000000000008000201809
04080600423403000800000000000008000201809
04080601662701000200000000000002000201809
04080601662702000350000000000003500201809
04080601662703000500000000000005000201809
04080601743401000800000000000008000201809
04080601743402000800000000000008000201809
04080601743403000800000000000008000201809
04080603282701000200000000000002000201809
04080603282702000350000000000003500201809
04080603282703000500000000000005000201809
04080603362701000200000000000002000201809
04080603362702000350000000000003500201809
04080603362703000500000000000005000201809
04080604503401000800000000000008000201809
04080604503402000800000000000008000201809
04080604503403000800000000000008000201809
04080604842518000800000000000008000201809
04080606382701000200000000000002000201809
04080606382702000350000000000003500201809
04080606382703000500000000000005000201809
04080606383401000800000000000008000201809
04080606383402000800000000000008000201809
04080606383403000800000000000008000201809
04090100223401000800000000000008000201809
04090100223402000800000000000008000201809
04090100223403000800000000000008000201809
04090100303401000800000000000008000201809
04090100303402000800000000000008000201809
04090100303403000800000000000008000201809
04090100652701000200000000000002000201809
04090100652702000350000000000003500201809
04090100652703000500000000000005000201809
04090100653401000800000000000008000201809
04090100653402000800000000000008000201809
04090100653403000800000000000008000201809
04090100812701000200000000000002000201809
04090100812702000350000000000003500201809
04090100812703000500000000000005000201809
04090100813401000800000000000008000201809
04090100813402000800000000000008000201809
04090100813403000800000000000008000201809
04090100903401000800000000000008000201809
04090100903402000800000000000008000201809
04090100903403000800000000000008000201809
04090101382701000200000000000002000201809
04090101382702000350000000000003500201809
04090101382703000500000000000005000201809
04090101972701000200000000000002000201809
04090101972702000350000000000003500201809
04090101972703000500000000000005000201809
04090102002701000200000000000002000201809
04090102002702000350000000000003500201809
04090102002703000500000000000005000201809
04090102003401000800000000000008000201809
04090102003402000800000000000008000201809
04090102003403000800000000000008000201809
04090102192701000200000000000002000201809
04090102192702000350000000000003500201809
04090102192703000500000000000005000201809
04090102193401000800000000000008000201809
04090102193402000800000000000008000201809
04090102193403000800000000000008000201809
04090102272701000200000000000002000201809
04090102272702000350000000000003500201809
04090102272703000500000000000005000201809
04090102513401000800000000000008000201809
04090102513402000800000000000008000201809
04090102513403000800000000000008000201809
04090102602701000200000000000002000201809
04090102602702000350000000000003500201809
04090102602703000500000000000005000201809
04090102603401000800000000000008000201809
04090102603402000800000000000008000201809
04090102603403000800000000000008000201809
04090102942701000200000000000002000201809
04090102942702000350000000000003500201809
04090102942703000500000000000005000201809
04090103242701000200000000000002000201809
04090103242702000350000000000003500201809
04090103242703000500000000000005000201809
04090103322701000200000000000002000201809
04090103322702000350000000000003500201809
04090103322703000500000000000005000201809
04090103323401000800000000000008000201809
04090103323402000800000000000008000201809
04090103323403000800000000000008000201809
04090105883401000800000000000008000201809
04090105883402000800000000000008000201809
04090105883403000800000000000008000201809
04090200102701000200000000000002000201809
04090200102702000350000000000003500201809
04090200102703000500000000000005000201809
04090200282701000200000000000002000201809
04090200282702000350000000000003500201809
04090200282703000500000000000005000201809
04090200362701000200000000000002000201809
04090200362702000350000000000003500201809
04090200362703000500000000000005000201809
04090201502701000200000000000002000201809
04090201502702000350000000000003500201809
04090201502703000500000000000005000201809
04090201503401000800000000000008000201809
04090201503402000800000000000008000201809
04090201503403000800000000000008000201809
04090300152701000200000000000002000201809
04090300152702000350000000000003500201809
04090300152703000500000000000005000201809
04090400102701000200000000000002000201809
04090400102702000350000000000003500201809
04090400102703000500000000000005000201809
04090400292701000200000000000002000201809
04090400292702000350000000000003500201809
04090400292703000500000000000005000201809
04090400963401000800000000000008000201809
04090400963402000800000000000008000201809
04090400963403000800000000000008000201809
04090401693401000800000000000008000201809
04090401693402000800000000000008000201809
04090401693403000800000000000008000201809
04090401853401000800000000000008000201809
04090401853402000800000000000008000201809
04090401853403000800000000000008000201809
04090402232701000200000000000002000201809
04090402232702000350000000000003500201809
04090402232703000500000000000005000201809
04090500163401000800000000000008000201809
04090500163402000800000000000008000201809
04090500163403000800000000000008000201809
04090500913401000800000000000008000201809
04090500913402000800000000000008000201809
04090500913403000800000000000008000201809
04090501132701000200000000000002000201809
04090501132702000350000000000003500201809
04090501132703000500000000000005000201809
04090600112701000200000000000002000201809
04090600112702000350000000000003500201809
04090600112703000500000000000005000201809
04090600542701000200000000000002000201809
04090600542702000350000000000003500201809
04090600542703000500000000000005000201809
04090600891719000000000060000000000201809
04090700763401000800000000000008000201809
04090700763402000800000000000008000201809
04090700763403000800000000000008000201809
04090700923401000800000000000008000201809
04090700923402000800000000000008000201809
04090700923403000800000000000008000201809
04090701302701000200000000000002000201809
04090701302702000350000000000003500201809
04090701302703000500000000000005000201809
04090701303401000800000000000008000201809
04090701303402000800000000000008000201809
04090701303403000800000000000008000201809
04100100142701000200000000000002000201809
04100100142702000350000000000003500201809
04100100142703000500000000000005000201809
04110100261416000025000000000000250201809
04110100341404000085000000000000850201809
04110100341416000085000000000000850201809
04110100421401000550000000000005500201809
04110100421402000550000000000005500201809
04110100421404000265000000000002650201809
04110100421416000085000000000000850201809
04110100502701000200000000000002000201809
04110100502702000350000000000003500201809
04110100502703000500000000000005000201809
04110100772701000200000000000002000201809
04110100772702000350000000000003500201809
04110100772703000500000000000005000201809
04110200302701000200000000000002000201809
04110200302702000350000000000003500201809
04110200302703000500000000000005000201809
04120100112701000200000000000002000201809
04120100112702000350000000000003500201809
04120100112703000500000000000005000201809
04120100382701000200000000000002000201809
04120100382702000350000000000003500201809
04120100382703000500000000000005000201809
04120100462701000200000000000002000201809
04120100462702000350000000000003500201809
04120100462703000500000000000005000201809
04120100622701000200000000000002000201809
04120100622702000350000000000003500201809
04120100622703000500000000000005000201809
04120100972701000200000000000002000201809
04120100972702000350000000000003500201809
04120100972703000500000000000005000201809
04120101002701000200000000000002000201809
04120101002702000350000000000003500201809
04120101002703000500000000000005000201809
04120101192701000200000000000002000201809
04120101192702000350000000000003500201809
04120101192703000500000000000005000201809
04120101272701000200000000000002000201809
04120101272702000350000000000003500201809
04120101272703000500000000000005000201809
04120200172701000200000000000002000201809
04120200172702000350000000000003500201809
04120200172703000500000000000005000201809
04120200252701000200000000000002000201809
04120200252702000350000000000003500201809
04120200252703000500000000000005000201809
04120200332701000200000000000002000201809
04120200332702000350000000000003500201809
04120200332703000500000000000005000201809
04120200762701000200000000000002000201809
04120200762702000350000000000003500201809
04120200762703000500000000000005000201809
04120200842701000200000000000002000201809
04120200842702000350000000000003500201809
04120200842703000500000000000005000201809
04120300552701000200000000000002000201809
04120300552702000350000000000003500201809
04120300552703000500000000000005000201809
04120300712701000200000000000002000201809
04120300712702000350000000000003500201809
04120300712703000500000000000005000201809
04120300802701000200000000000002000201809
04120300802702000350000000000003500201809
04120300802703000500000000000005000201809
04120300803401000800000000000008000201809
04120300803402000800000000000008000201809
04120300803403000800000000000008000201809
04120301012701000200000000000002000201809
04120301012702000350000000000003500201809
04120301012703000500000000000005000201809
04120301102701000200000000000002000201809
04120301102702000350000000000003500201809
04120301102703000500000000000005000201809
04120301282701000200000000000002000201809
04120301282702000350000000000003500201809
04120301282703000500000000000005000201809
04120400342701000200000000000002000201809
04120400342702000350000000000003500201809
04120400342703000500000000000005000201809
04120400422701000200000000000002000201809
04120400422702000350000000000003500201809
04120400422703000500000000000005000201809
04120400502701000200000000000002000201809
04120400502702000350000000000003500201809
04120400502703000500000000000005000201809
04120400692701000200000000000002000201809
04120400692702000350000000000003500201809
04120400692703000500000000000005000201809
04120400852701000200000000000002000201809
04120400852702000350000000000003500201809
04120400852703000500000000000005000201809
04120400853401000800000000000008000201809
04120400853402000800000000000008000201809
04120400853403000800000000000008000201809
04120401072701000200000000000002000201809
04120401072702000350000000000003500201809
04120401072703000500000000000005000201809
04120401152701000200000000000002000201809
04120401152702000350000000000003500201809
04120401152703000500000000000005000201809
04120401312701000200000000000002000201809
04120401312702000350000000000003500201809
04120401312703000500000000000005000201809
04120401582701000200000000000002000201809
04120401582702000350000000000003500201809
04120401582703000500000000000005000201809
04120401662701000200000000000002000201809
04120401662702000350000000000003500201809
04120401662703000500000000000005000201809
04120401663401000800000000000008000201809
04120401663402000800000000000008000201809
04120401663403000800000000000008000201809
04120401742701000200000000000002000201809
04120401742702000350000000000003500201809
04120401742703000500000000000005000201809
04120401743401000800000000000008000201809
04120401743402000800000000000008000201809
04120401743403000800000000000008000201809
04120401902701000200000000000002000201809
04120401902702000350000000000003500201809
04120401902703000500000000000005000201809
04120402042701000200000000000002000201809
04120402042702000350000000000003500201809
04120402042703000500000000000005000201809
04120402043401000800000000000008000201809
04120402043402000800000000000008000201809
04120402043403000800000000000008000201809
04120402122701000200000000000002000201809
04120402122702000350000000000003500201809
04120402122703000500000000000005000201809
04120402202701000200000000000002000201809
04120402202702000350000000000003500201809
04120402202703000500000000000005000201809
04120500132701000200000000000002000201809
04120500132702000350000000000003500201809
04120500132703000500000000000005000201809
04120500302701000200000000000002000201809
04120500302702000350000000000003500201809
04120500302703000500000000000005000201809
04120500722701000200000000000002000201809
04120500722702000350000000000003500201809
04120500722703000500000000000005000201809
04120500802701000200000000000002000201809
04120500802702000350000000000003500201809
04120500802703000500000000000005000201809
04120500803401000800000000000008000201809
04120500803402000800000000000008000201809
04120500803403000800000000000008000201809
04120501372701000200000000000002000201809
04120501372702000350000000000003500201809
04120501372703000500000000000005000201809
04120501452701000200000000000002000201809
04120501452702000350000000000003500201809
04120501452703000500000000000005000201809
04120501532701000200000000000002000201809
04120501532702000350000000000003500201809
04120501532703000500000000000005000201809
04120501612701000200000000000002000201809
04120501612702000350000000000003500201809
04120501612703000500000000000005000201809
04130100152701000200000000000002000201809
04130100152702000350000000000003500201809
04130100152703000500000000000005000201809
04130100153401000800000000000008000201809
04130100153402000800000000000008000201809
04130100153403000800000000000008000201809
04130100662101000101100000000001011201809
04130100662102000665700000000006657201809
04130100662701000200000000000002000201809
04130100662702000350000000000003500201809
04130100662703000500000000000005000201809
04130100822101000174200000000001742201809
04130100822102000440000000000004400201809
04130100822701000200000000000002000201809
04130100822702000350000000000003500201809
04130100822703000500000000000005000201809
04130100902701000200000000000002000201809
04130100902702000350000000000003500201809
04130100902703000500000000000005000201809
04130401782701000200000000000002000201809
04130401782702000350000000000003500201809
04130401782703000500000000000005000201809
04130401783401000800000000000008000201809
04130401783402000800000000000008000201809
04130401783403000800000000000008000201809
04130402403401000800000000000008000201809
04130402403402000800000000000008000201809
04130402403403000800000000000008000201809
04150100122701000200000000000002000201809
04150100122702000350000000000003500201809
04150100122703000500000000000005000201809
04150300132701000200000000000002000201809
04150300132702000350000000000003500201809
04150300132703000500000000000005000201809
04150300133401000800000000000008000201809
04150300133402000800000000000008000201809
04150300133403000800000000000008000201809
04150400272701000200000000000002000201809
04150400272702000350000000000003500201809
04150400272703000500000000000005000201809
04150400352701000200000000000002000201809
04150400352702000350000000000003500201809
04150400352703000500000000000005000201809
04150400353401000800000000000008000201809
04150400353402000800000000000008000201809
04150400353403000800000000000008000201809
04160100161717000200000000000002000201809
04160100161718000200000000000002000201809
04160100241717000200000000000002000201809
04160100241718000200000000000002000201809
04160100321717000200000000000002000201809
04160100321718000200000000000002000201809
04160100401717000200000000000002000201809
04160100401718000200000000000002000201809
04160100751717000200000000000002000201809
04160100751718000200000000000002000201809
04160100911717000200000000000002000201809
04160100911718000200000000000002000201809
04160101131717000200000000000002000201809
04160101131718000200000000000002000201809
04160101211717000200000000000002000201809
04160101211718000200000000000002000201809
04160101301717000200000000000002000201809
04160101301718000200000000000002000201809
04160101641717000200000000000002000201809
04160101641718000200000000000002000201809
04160101721717000200000000000002000201809
04160101721718000200000000000002000201809
04160101801717000200000000000002000201809
04160101801718000200000000000002000201809
04160101991717000200000000000002000201809
04160101991718000200000000000002000201809
04160102021717000200000000000002000201809
04160102021718000200000000000002000201809
04160102101717000200000000000002000201809
04160102101718000200000000000002000201809
04160102291717000200000000000002000201809
04160102291718000200000000000002000201809
04160200201717000200000000000002000201809
04160200201718000200000000000002000201809
04160201511717000200000000000002000201809
04160201511718000200000000000002000201809
04160201601717000200000000000002000201809
04160201601718000200000000000002000201809
04160201781717000200000000000002000201809
04160201781718000200000000000002000201809
04160201861717000200000000000002000201809
04160201861718000200000000000002000201809
04160201941717000200000000000002000201809
04160201941718000200000000000002000201809
04160202081717000200000000000002000201809
04160202081718000200000000000002000201809
04160202161717000200000000000002000201809
04160202161718000200000000000002000201809
04160202241717000200000000000002000201809
04160202241718000200000000000002000201809
04160202321717000200000000000002000201809
04160202321718000200000000000002000201809
04160202401717000200000000000002000201809
04160202401718000200000000000002000201809
04160202591717000200000000000002000201809
04160202591718000200000000000002000201809
04160300171717000200000000000002000201809
04160300171718000200000000000002000201809
04160300251717000200000000000002000201809
04160300251718000200000000000002000201809
04160300331717000200000000000002000201809
04160300331718000200000000000002000201809
04160300411717000200000000000002000201809
04160300411718000200000000000002000201809
04160300681717000200000000000002000201809
04160300681718000200000000000002000201809
04160300761717000200000000000002000201809
04160300761718000200000000000002000201809
04160300841717000200000000000002000201809
04160300841718000200000000000002000201809
04160300921717000200000000000002000201809
04160300921718000200000000000002000201809
04160301491717000200000000000002000201809
04160301491718000200000000000002000201809
04160301571717000200000000000002000201809
04160301571718000200000000000002000201809
04160301651717000200000000000002000201809
04160301651718000200000000000002000201809
04160301731717000200000000000002000201809
04160301731718000200000000000002000201809
04160301811717000200000000000002000201809
04160301811718000200000000000002000201809
04160301901717000200000000000002000201809
04160301901718000200000000000002000201809
04160302031717000200000000000002000201809
04160302031718000200000000000002000201809
04160302111717000200000000000002000201809
04160302111718000200000000000002000201809
04160302201717000200000000000002000201809
04160302201718000200000000000002000201809
04160302381717000200000000000002000201809
04160302381718000200000000000002000201809
04160302461717000200000000000002000201809
04160302461718000200000000000002000201809
04160302541717000200000000000002000201809
04160302541718000200000000000002000201809
04160302621717000200000000000002000201809
04160302621718000200000000000002000201809
04160302701717000200000000000002000201809
04160302701718000200000000000002000201809
04160302891717000200000000000002000201809
04160302891718000200000000000002000201809
04160302971717000200000000000002000201809
04160302971718000200000000000002000201809
04160303001717000200000000000002000201809
04160303001718000200000000000002000201809
04160303191717000200000000000002000201809
04160303191718000200000000000002000201809
04160303271717000200000000000002000201809
04160303271718000200000000000002000201809
04160303351717000200000000000002000201809
04160303351718000200000000000002000201809
04160303431717000200000000000002000201809
04160303431718000200000000000002000201809
04160303511717000200000000000002000201809
04160303511718000200000000000002000201809
04160303601717000200000000000002000201809
04160303601718000200000000000002000201809
04160400121717000200000000000002000201809
04160400121718000200000000000002000201809
04160400201717000200000000000002000201809
04160400201718000200000000000002000201809
04160400391717000200000000000002000201809
04160400391718000200000000000002000201809
04160400471717000200000000000002000201809
04160400471718000200000000000002000201809
04160400551717000200000000000002000201809
04160400551718000200000000000002000201809
04160400711717000200000000000002000201809
04160400711718000200000000000002000201809
04160401011717000200000000000002000201809
04160401011718000200000000000002000201809
04160401101717000200000000000002000201809
04160401101718000200000000000002000201809
04160401281717000200000000000002000201809
04160401281718000200000000000002000201809
04160401441717000200000000000002000201809
04160401441718000200000000000002000201809
04160402091717000200000000000002000201809
04160402091718000200000000000002000201809
04160402171717000200000000000002000201809
04160402171718000200000000000002000201809
04160402251717000200000000000002000201809
04160402251718000200000000000002000201809
04160402331717000200000000000002000201809
04160402331718000200000000000002000201809
04160402411717000200000000000002000201809
04160402411718000200000000000002000201809
04160402501717000200000000000002000201809
04160402501718000200000000000002000201809
04160402681717000200000000000002000201809
04160402681718000200000000000002000201809
04160402761717000200000000000002000201809
04160402761718000200000000000002000201809
04160500181717000200000000000002000201809
04160500181718000200000000000002000201809
04160500261717000200000000000002000201809
04160500261718000200000000000002000201809
04160500341717000200000000000002000201809
04160500341718000200000000000002000201809
04160500501717000200000000000002000201809
04160500501718000200000000000002000201809
04160500771717000200000000000002000201809
04160500771718000200000000000002000201809
04160500931717000200000000000002000201809
04160500931718000200000000000002000201809
04160501071717000200000000000002000201809
04160501071718000200000000000002000201809
04160501151717000200000000000002000201809
04160501151718000200000000000002000201809
04160600131717000200000000000002000201809
04160600131718000200000000000002000201809
04160600211717000200000000000002000201809
04160600211718000200000000000002000201809
04160600301717000200000000000002000201809
04160600301718000200000000000002000201809
04160600561717000200000000000002000201809
04160600561718000200000000000002000201809
04160600641717000200000000000002000201809
04160600641718000200000000000002000201809
04160600801717000200000000000002000201809
04160600801718000200000000000002000201809
04160600991717000200000000000002000201809
04160600991718000200000000000002000201809
04160601021717000200000000000002000201809
04160601021718000200000000000002000201809
04160601101717000200000000000002000201809
04160601101718000200000000000002000201809
04160601291717000200000000000002000201809
04160601291718000200000000000002000201809
04160800141717000200000000000002000201809
04160800141718000200000000000002000201809
04160800301717000200000000000002000201809
04160800301718000200000000000002000201809
04160800811717000200000000000002000201809
04160800811718000200000000000002000201809
04160800901717000200000000000002000201809
04160800901718000200000000000002000201809
04160801111717000200000000000002000201809
04160801111718000200000000000002000201809
04160801201717000200000000000002000201809
04160801201718000200000000000002000201809
04160900101717000200000000000002000201809
04160900101718000200000000000002000201809
04160900281717000200000000000002000201809
04160900281718000200000000000002000201809
04160900361717000200000000000002000201809
04160900361718000200000000000002000201809
04160900791717000200000000000002000201809
04160900791718000200000000000002000201809
04160901091717000200000000000002000201809
04160901091718000200000000000002000201809
04160901171717000200000000000002000201809
04160901171718000200000000000002000201809
04160901251717000200000000000002000201809
04160901251718000200000000000002000201809
04160901331717000200000000000002000201809
04160901331718000200000000000002000201809
04161100101717000200000000000002000201809
04161100101718000200000000000002000201809
04161100291717000200000000000002000201809
04161100291718000200000000000002000201809
04161100371717000200000000000002000201809
04161100371718000200000000000002000201809
04161100451717000200000000000002000201809
04161100451718000200000000000002000201809
04161100531717000200000000000002000201809
04161100531718000200000000000002000201809
04161100611717000200000000000002000201809
04161100611718000200000000000002000201809
04161100701717000200000000000002000201809
04161100701718000200000000000002000201809
04161100881717000200000000000002000201809
04161100881718000200000000000002000201809
04161200241717000200000000000002000201809
04161200241718000200000000000002000201809
04161200321717000200000000000002000201809
04161200321718000200000000000002000201809
04161200401717000200000000000002000201809
04161200401718000200000000000002000201809
04161200591717000200000000000002000201809
04161200591718000200000000000002000201809
05030300152426000600000000000006000201809
05030300152427000500000000000005000201809
05030300152428000400000000000004000201809
05030300152429000300000000000003000201809
05030300232426000600000000000006000201809
05030300232427000500000000000005000201809
05030300232428000400000000000004000201809
05030300232429000300000000000003000201809
05030300312426000600000000000006000201809
05030300312427000500000000000005000201809
05030300312428000400000000000004000201809
05030300312429000300000000000003000201809
05030300402426000600000000000006000201809
05030300402427000500000000000005000201809
05030300402428000400000000000004000201809
05030300402429000300000000000003000201809
05030300662426000600000000000006000201809
05030300662427000500000000000005000201809
05030300662428000400000000000004000201809
05030300662429000300000000000003000201809
05030300742426000600000000000006000201809
05030300742427000500000000000005000201809
05030300742428000400000000000004000201809
05030300742429000300000000000003000201809
05030300822426000600000000000006000201809
05030300822427000500000000000005000201809
05030300822428000400000000000004000201809
05030300822429000300000000000003000201809
05030400102426000600000000000006000201809
05030400102427000500000000000005000201809
05030400102428000400000000000004000201809
05030400102429000300000000000003000201809
05030400292426000600000000000006000201809
05030400292427000500000000000005000201809
05030400292428000400000000000004000201809
05030400292429000300000000000003000201809
05030400372426000600000000000006000201809
05030400372427000500000000000005000201809
05030400372428000400000000000004000201809
05030400372429000300000000000003000201809
05030400532426000600000000000006000201809
05030400532427000500000000000005000201809
05030400532428000400000000000004000201809
05030400532429000300000000000003000201809
05030400612426000600000000000006000201809
05030400612427000500000000000005000201809
05030400612428000400000000000004000201809
05030400612429000300000000000003000201809
05030400882426000600000000000006000201809
05030400882427000500000000000005000201809
05030400882428000400000000000004000201809
05030400882429000300000000000003000201809
05050100112426000600000000000006000201809
05050100112427000500000000000005000201809
05050100112428000400000000000004000201809
05050100112429000300000000000003000201809
05050100202426000600000000000006000201809
05050100202427000500000000000005000201809
05050100202428000400000000000004000201809
05050100202429000300000000000003000201809
05050100382426000600000000000006000201809
05050100382427000500000000000005000201809
05050100382428000400000000000004000201809
05050100382429000300000000000003000201809
05050100462426000600000000000006000201809
05050100462427000500000000000005000201809
05050100462428000400000000000004000201809
05050100462429000300000000000003000201809
05050100542426000600000000000006000201809
05050100542427000500000000000005000201809
05050100542428000400000000000004000201809
05050100542429000300000000000003000201809
05050100622426000600000000000006000201809
05050100622427000500000000000005000201809
05050100622428000400000000000004000201809
05050100622429000300000000000003000201809
05050200412426000600000000000006000201809
05050200412427000500000000000005000201809
05050200412428000400000000000004000201809
05050200412429000300000000000003000201809
05050200502426000600000000000006000201809
05050200502427000500000000000005000201809
05050200502428000400000000000004000201809
05050200502429000300000000000003000201809
05050200682426000600000000000006000201809
05050200682427000500000000000005000201809
05050200682428000400000000000004000201809
05050200682429000300000000000003000201809
05050200842426000600000000000006000201809
05050200842427000500000000000005000201809
05050200842428000400000000000004000201809
05050200842429000300000000000003000201809
05050200922426000600000000000006000201809
05050200922427000500000000000005000201809
05050200922428000400000000000004000201809
05050200922429000300000000000003000201809
05050201062426000600000000000006000201809
05050201062427000500000000000005000201809
05050201062428000400000000000004000201809
05050201062429000300000000000003000201809
05050201222426000600000000000006000201809
05050201222427000500000000000005000201809
05050201222428000400000000000004000201809
05050201222429000300000000000003000201809
08020102102608000671100000000006711201809
08020102292609000572900000000005729201809
