0102010056141002201809
0102010064141002201809
0102010072141002201809
0102010145141002201809
0102010153141002201809
0102010161141002201809
0102010170141002201809
0102010188141002201809
0102010196141002201809
0102010200141002201809
0102010218141002201809
0102010226108001201809
0102010226141002201809
0102010234108001201809
0102010234141002201809
0102010242141002201809
0102010250141002201809
0102010269141002201809
0102010277141002201809
0102010285141002201809
0102010293141002201809
0102010307141002201809
0102010315141002201809
0102010323141002201809
0102010331141002201809
0102010340141002201809
0102010358141002201809
0102010366141002201809
0102010374141002201809
0102010382141002201809
0102010390141002201809
0102010404141002201809
0102010412141002201809
0102010420141002201809
0102010439141002201809
0102010447141002201809
0102010455141002201809
0102010463141002201809
0102010471141002201809
0102010480141002201809
0102010498141002201809
0102010501141002201809
0102010510141002201809
0102010528141002201809
0102010536141002201809
0102010544141002201809
0102010552141002201809
0102010560141002201809
0102010579141002201809
0102010587141002201809
0102010595141002201809
0102010609141002201809
0102010617141002201809
0102010625141002201809
0102010633141002201809
0102010641141002201809
0102010650141002201809
0102010668141002201809
0102020019108003201809
0102020027108001201809
0102020027108003201809
0102020035108003201809
0201010151110001201809
0201010151120001201809
0201010186131001201809
0201010186132001201809
0201010186132005201809
0201010240131001201809
0201010240132001201809
0201010240132005201809
0201010534105005201809
0201010542121001201809
0201010542121002201809
0201010542121003201809
0201010542121004201809
0202010015145001201809
0202010023145001201809
0202010031145001201809
0202010040145001201809
0202010058145001201809
0202010066145001201809
0202010074145001201809
0202010082145001201809
0202010090145001201809
0202010104145001201809
0202010112145001201809
0202010120145001201809
0202010139145001201809
0202010147145001201809
0202010155145001201809
0202010163145001201809
0202010171145001201809
0202010180145001201809
0202010198145001201809
0202010201145001201809
0202010210145001201809
0202010228145001201809
0202010236145001201809
0202010244145001201809
0202010252145001201809
0202010260145001201809
0202010279145001201809
0202010287145001201809
0202010295145001201809
0202010309145001201809
0202010317145001201809
0202010325145001201809
0202010333145001201809
0202010341145001201809
0202010350145001201809
0202010368145001201809
0202010376145001201809
0202010384145001201809
0202010392145001201809
0202010406145001201809
0202010414145001201809
0202010422145001201809
0202010430145001201809
0202010449145001201809
0202010457145001201809
0202010465145001201809
0202010473145001201809
0202010481145001201809
0202010490145001201809
0202010503145001201809
0202010511145001201809
0202010520145001201809
0202010538145001201809
0202010546145001201809
0202010554145001201809
0202010562145001201809
0202010570145001201809
0202010589145001201809
0202010597145001201809
0202010600145001201809
0202010619145001201809
0202010627145001201809
0202010635145001201809
0202010643145001201809
0202010651145001201809
0202010660145001201809
0202010678145001201809
0202010686145001201809
0202010694145001201809
0202010708145001201809
0202010716145001201809
0202010724145001201809
0202010732145001201809
0202010740145001201809
0202010759145001201809
0202010767145001201809
0202020010145002201809
0202020029145002201809
0202020037145002201809
0202020045145002201809
0202020053145002201809
0202020061145002201809
0202020070145002201809
0202020088145002201809
0202020096145002201809
0202020100145002201809
0202020118145002201809
0202020126145002201809
0202020134145002201809
0202020142145002201809
0202020150145002201809
0202020169145002201809
0202020177145002201809
0202020185145002201809
0202020193145002201809
0202020207145002201809
0202020215145002201809
0202020223145002201809
0202020231145002201809
0202020240145002201809
0202020258145002201809
0202020266145002201809
0202020274145002201809
0202020282145002201809
0202020290145002201809
0202020304145002201809
0202020312145002201809
0202020320145002201809
0202020339145002201809
0202020347145002201809
0202020355145002201809
0202020363145002201809
0202020371145002201809
0202020380145002201809
0202020398145002201809
0202020401145002201809
0202020410145002201809
0202020428145002201809
0202020436145002201809
0202020444145002201809
0202020460145002201809
0202020479128001201809
0202020487145002201809
0202020495145002201809
0202020517145002201809
0202020525145002201809
0202020533145002201809
0202020541145002201809
0202030016145003201809
0202030024145003201809
0202030032145003201809
0202030040145003201809
0202030059145003201809
0202030067145003201809
0202030075145003201809
0202030083145003201809
0202030091145003201809
0202030105145003201809
0202030113145003201809
0202030121145003201809
0202030130145003201809
0202030148145003201809
0202030156145003201809
0202030164145003201809
0202030172145003201809
0202030180145003201809
0202030199145003201809
0202030202145003201809
0202030210145003201809
0202030229145003201809
0202030237132002201809
0202030237145003201809
0202030253145003201809
0202030261145003201809
0202030270145003201809
0202030288145003201809
0202030296145003201809
0202030300145003201809
0202030318145003201809
0202030326145003201809
0202030334145003201809
0202030342145003201809
0202030350145003201809
0202030369145003201809
0202030377145003201809
0202030385145003201809
0202030393145003201809
0202030407145003201809
0202030415145003201809
0202030423145003201809
0202030431145003201809
0202030440145003201809
0202030458145003201809
0202030466145003201809
0202030474145003201809
0202030482145003201809
0202030504145003201809
0202030512145003201809
0202030520145003201809
0202030539145003201809
0202030547145003201809
0202030555145003201809
0202030563145003201809
0202030571145003201809
0202030580145003201809
0202030598145003201809
0202030601145003201809
0202030610145003201809
0202030628145003201809
0202030636145003201809
0202030644145003201809
0202030652145003201809
0202030660145003201809
0202030679145003201809
0202030687145003201809
0202030695145003201809
0202030709145003201809
0202030717145003201809
0202030725145003201809
0202030733145003201809
0202030741145003201809
0202030750145003201809
0202030768145003201809
0202030776145003201809
0202030784145003201809
0202030792145003201809
0202030806145003201809
0202030814145003201809
0202030822145003201809
0202030830145003201809
0202030849145003201809
0202030857145003201809
0202030865145003201809
0202030873145003201809
0202030881145003201809
0202030890145003201809
0202030903145003201809
0202030911145003201809
0202030920145003201809
0202030938145003201809
0202030946145003201809
0202030954145003201809
0202030962145003201809
0202030970145003201809
0202030989145003201809
0202030997145003201809
0202031004145003201809
0202031012145003201809
0202031020145003201809
0202031039145003201809
0202031047145003201809
0202031055145003201809
0202031063145003201809
0202031071145003201809
0202031080145003201809
0202031098145003201809
0202031101145003201809
0202031110145003201809
0202031128145003201809
0202031136145003201809
0202031179145003201809
0202031187145003201809
0202031195145003201809
0202031209145003201809
0202031217145003201809
0202031225145003201809
0202031233145003201809
0202031233145011201809
0202031250145003201809
0202031250145011201809
0202031268145003201809
0202031268145011201809
0202040011145004201809
0202040020145004201809
0202040038145004201809
0202040046145004201809
0202040054145004201809
0202040062145004201809
0202040070145004201809
0202040089145004201809
0202040097145004201809
0202040100145004201809
0202040119145004201809
0202040127145004201809
0202040135145004201809
0202040143145004201809
0202040151145004201809
0202040160145004201809
0202040178145004201809
0202050017145005201809
0202050025145005201809
0202050033145005201809
0202050041145005201809
0202050050145005201809
0202050068145005201809
0202050076145005201809
0202050076145011201809
0202050084145005201809
0202050092145005201809
0202050106145005201809
0202050114145005201809
0202050122145005201809
0202050130145005201809
0202050149145005201809
0202050157145005201809
0202050165145005201809
0202050173145005201809
0202050181145005201809
0202050190145005201809
0202050203145005201809
0202050211145005201809
0202050220145005201809
0202050238145005201809
0202050246145005201809
0202050254145005201809
0202050262145005201809
0202050270145005201809
0202050289145005201809
0202050297145005201809
0202050300145005201809
0202050319145005201809
0202050327145005201809
0202060012145006201809
0202060012151002201809
0202060020145006201809
0202060020151002201809
0202060039145006201809
0202060039151002201809
0202060047145006201809
0202060047151002201809
0202060055145006201809
0202060055151002201809
0202060063145006201809
0202060063151002201809
0202060071145006201809
0202060071151002201809
0202060080145006201809
0202060080151002201809
0202060098145006201809
0202060098151002201809
0202060101145006201809
0202060101151002201809
0202060110145006201809
0202060110151002201809
0202060128145006201809
0202060128151002201809
0202060136145006201809
0202060136151002201809
0202060144145006201809
0202060144151002201809
0202060152145006201809
0202060152151002201809
0202060160145006201809
0202060160151002201809
0202060179145006201809
0202060179151002201809
0202060187145006201809
0202060187151002201809
0202060195145006201809
0202060195151002201809
0202060209145006201809
0202060209151002201809
0202060217145006201809
0202060217151002201809
0202060225145006201809
0202060225151002201809
0202060233145006201809
0202060233151002201809
0202060241145006201809
0202060241151002201809
0202060250145006201809
0202060250151002201809
0202060268145006201809
0202060268151002201809
0202060276145006201809
0202060276151002201809
0202060284145006201809
0202060284151002201809
0202060292145006201809
0202060292151002201809
0202060306145006201809
0202060306151002201809
0202060314145006201809
0202060314151002201809
0202060322145006201809
0202060322151002201809
0202060330145006201809
0202060330151002201809
0202060349145006201809
0202060349151002201809
0202060357145006201809
0202060357151002201809
0202060365145006201809
0202060365151002201809
0202060373145006201809
0202060373151002201809
0202060381145006201809
0202060381151002201809
0202060390145006201809
0202060390151002201809
0202060403145006201809
0202060403151002201809
0202060411145006201809
0202060411151002201809
0202060420145006201809
0202060420151002201809
0202060438145006201809
0202060438151002201809
0202060446145006201809
0202060446151002201809
0202060454145006201809
0202060454151002201809
0202060462145006201809
0202060462151002201809
0202060470145006201809
0202070018145008201809
0202070026145008201809
0202070034145008201809
0202070042145008201809
0202070050145008201809
0202070069145008201809
0202070077145008201809
0202070085145008201809
0202070093145008201809
0202070107145008201809
0202070115145008201809
0202070123145008201809
0202070131145008201809
0202070140145008201809
0202070158145008201809
0202070166145008201809
0202070174145008201809
0202070182145008201809
0202070190145008201809
0202070204145008201809
0202070212145008201809
0202070220145008201809
0202070239145008201809
0202070247145008201809
0202070255145008201809
0202070263145008201809
0202070271145008201809
0202070280145008201809
0202070298145008201809
0202070301145008201809
0202070310145008201809
0202070328145008201809
0202070336145008201809
0202070344145008201809
0202070352145008201809
0202080013145009201809
0202080021145009201809
0202080030145009201809
0202080048145009201809
0202080056145009201809
0202080064145009201809
0202080072145009201809
0202080080145009201809
0202080099145009201809
0202080102145009201809
0202080110145009201809
0202080129145009201809
0202080137145009201809
0202080145145009201809
0202080153145009201809
0202080161145009201809
0202080170145009201809
0202080188145009201809
0202080196145009201809
0202080200145009201809
0202080218145009201809
0202080226145009201809
0202080234145009201809
0202090019145010201809
0202090027145010201809
0202090035145010201809
0202090043145010201809
0202090051145010201809
0202090060145010201809
0202090078145010201809
0202090086145010201809
0202090094145010201809
0202090108145009201809
0202090116145010201809
0202090124145010201809
0202090132145010201809
0202090140145010201809
0202090159145010201809
0202090167145010201809
0202090183145010201809
0202090191145010201809
0202090213145010201809
0202090221145010201809
0202090221151002201809
0202090230145010201809
0202090248145010201809
0202090256145010201809
0202090264145010201809
0202090272145010201809
0202090280145010201809
0202090299145010201809
0202090302145010201809
0202090310145010201809
0202090329145010201809
0202090337145010201809
0202090345145010201809
0202090353145010201809
0202100014145011201809
0202100022145011201809
0202100030145011201809
0202100049120001201809
0202100049145011201809
0202100057145011201809
0202100065145011201809
0202100073145011201809
0202100081145011201809
0202100090145011201809
0202100103145011201809
0202100111145011201809
0202100120145011201809
0202100138145011201809
0202100146145011201809
0202100154145011201809
0202100162145011201809
0202100170145011201809
0202100189145011201809
0202100197145011201809
0202110010145012201809
0202110028145012201809
0202110036145012201809
0202110044145012201809
0202110052145012201809
0202110060145012201809
0202110079145012201809
0202110087145012201809
0202110095145012201809
0202110109145012201809
0202110117145012201809
0202110125145012201809
0202110133145012201809
0202110141145012201809
0202120015128002201809
0202120015145013201809
0202120023128002201809
0202120023145013201809
0202120031128002201809
0202120031145013201809
0202120040128002201809
0202120040145013201809
0202120058128002201809
0202120058145013201809
0202120066128002201809
0202120066145013201809
0202120074128002201809
0202120074145013201809
0202120082128002201809
0202120082145013201809
0202120090128002201809
0202120090145013201809
0202120104128002201809
0202120104145013201809
0203010019120002201809
0203010027120002201809
0203010035120002201809
0203010043120002201809
0203010078120003201809
0203010086120002201809
0203010086120003201809
0203020014120001201809
0203020014120002201809
0203020022120001201809
0203020030120001201809
0203020049120001201809
0203020057120001201809
0203020065120001201809
0203020073120001201809
0203020081120001201809
0204010012121001201809
0204010012121007201809
0204010020121001201809
0204010020121007201809
0204010039121001201809
0204010039121007201809
0204010047121001201809
0204010047121007201809
0204010055121001201809
0204010055121007201809
0204010063121001201809
0204010063121007201809
0204010071121001201809
0204010071121007201809
0204010080121001201809
0204010080121007201809
0204010098121001201809
0204010098121007201809
0204010101121001201809
0204010101121007201809
0204010110121001201809
0204010110121007201809
0204010128121001201809
0204010128121007201809
0204010136121001201809
0204010136121007201809
0204010144121001201809
0204010144121007201809
0204010152121001201809
0204010152121007201809
0204010179121001201809
0204010179121007201809
0204010195121001201809
0204010195121007201809
0204010209121001201809
0204010209121007201809
0204020018121001201809
0204020018121007201809
0204020026121001201809
0204020026121007201809
0204020034121001201809
0204020034121007201809
0204020042121001201809
0204020042121007201809
0204020050121001201809
0204020050121007201809
0204020069121001201809
0204020069121007201809
0204020077121001201809
0204020077121007201809
0204020085121001201809
0204020085121007201809
0204020093121001201809
0204020093121007201809
0204020107121001201809
0204020107121007201809
0204020115121001201809
0204020115121007201809
0204020123121001201809
0204020123121007201809
0204020131121001201809
0204020131121007201809
0204030013121001201809
0204030013121007201809
0204030021121001201809
0204030021121007201809
0204030030121012201809
0204030030121013201809
0204030048121001201809
0204030048121007201809
0204030056121001201809
0204030056121007201809
0204030064121001201809
0204030064121007201809
0204030072121001201809
0204030072121007201809
0204030080121001201809
0204030080121007201809
0204030099121001201809
0204030099121007201809
0204030102121001201809
0204030102121007201809
0204030110121001201809
0204030110121007201809
0204030129121001201809
0204030129121007201809
0204030137121001201809
0204030137121007201809
0204030145121001201809
0204030145121007201809
0204030153121001201809
0204030153121007201809
0204030161121001201809
0204030161121007201809
0204030170121001201809
0204030170121007201809
0204030188121012201809
0204030188121013201809
0204040019121001201809
0204040019121007201809
0204040027121001201809
0204040027121007201809
0204040035121001201809
0204040035121007201809
0204040043121001201809
0204040043121007201809
0204040051121001201809
0204040051121007201809
0204040060121001201809
0204040060121007201809
0204040078121001201809
0204040078121007201809
0204040086121001201809
0204040086121007201809
0204040094121001201809
0204040094121007201809
0204040108121001201809
0204040108121007201809
0204040116121001201809
0204040116121007201809
0204040124121001201809
0204040124121007201809
0204050014121001201809
0204050014121007201809
0204050022121001201809
0204050022121007201809
0204050030121001201809
0204050030121007201809
0204050049121001201809
0204050049121007201809
0204050057121001201809
0204050057121007201809
0204050065121001201809
0204050065121007201809
0204050073121001201809
0204050073121007201809
0204050081121001201809
0204050081121007201809
0204050090121001201809
0204050090121007201809
0204050103121001201809
0204050103121007201809
0204050111121001201809
0204050111121007201809
0204050120121001201809
0204050120121007201809
0204050138121001201809
0204050138121007201809
0204050146121001201809
0204050146121007201809
0204050154121001201809
0204050154121007201809
0204050162121001201809
0204050162121007201809
0204050170121001201809
0204050170121007201809
0204050189121001201809
0204050189121007201809
0204060010121001201809
0204060010121007201809
0204060036121001201809
0204060036121007201809
0204060044121001201809
0204060044121007201809
0204060052121001201809
0204060052121007201809
0204060060121001201809
0204060060121007201809
0204060079121001201809
0204060079121007201809
0204060087121001201809
0204060087121007201809
0204060095121001201809
0204060095121007201809
0204060109121001201809
0204060109121007201809
0204060117121001201809
0204060117121007201809
0204060125121001201809
0204060125121007201809
0204060133121001201809
0204060133121007201809
0204060141121001201809
0204060141121007201809
0204060150121001201809
0204060150121007201809
0204060168121001201809
0204060168121007201809
0204060176121001201809
0204060176121007201809
0205010016122003201809
0205010016122007201809
0205010024122003201809
0205010024122007201809
0205010032121002201809
0205010032121008201809
0205010040121002201809
0205010040121008201809
0205010059121002201809
0205010059121008201809
0205020011121002201809
0205020011121008201809
0205020020131001201809
0205020038121002201809
0205020038121008201809
0205020046121002201809
0205020046121008201809
0205020054121002201809
0205020054121008201809
0205020062121002201809
0205020062121008201809
0205020070121002201809
0205020070121008201809
0205020089121002201809
0205020089121008201809
0205020097121002201809
0205020097121008201809
0205020100121002201809
0205020100121008201809
0205020119121002201809
0205020119121008201809
0205020127121002201809
0205020127121008201809
0205020135121002201809
0205020135121008201809
0205020143121002201809
0205020143121008201809
0205020151121002201809
0205020151121008201809
0205020160121002201809
0205020160121008201809
0205020178121002201809
0205020178121008201809
0205020186121002201809
0205020186121008201809
0205020194121002201809
0205020194121008201809
0206010010121003201809
0206010010121009201809
0206010028121003201809
0206010028121009201809
0206010036121003201809
0206010036121009201809
0206010044121003201809
0206010044121009201809
0206010052121003201809
0206010052121009201809
0206010060121003201809
0206010060121009201809
0206010079121003201809
0206010079121009201809
0206010087121003201809
0206010087121009201809
0206010095121003201809
0206010095121009201809
0206010095151001201809
0206020015121003201809
0206020015121009201809
0206020023121003201809
0206020023121009201809
0206020031121003201809
0206020031121009201809
0206020040121003201809
0206020040121009201809
0206030010121003201809
0206030010121009201809
0206030029121003201809
0206030029121009201809
0206030037121003201809
0206030037121009201809
0207010013121004201809
0207010013121010201809
0207010021121004201809
0207010021121010201809
0207010030121004201809
0207010030121010201809
0207010048121004201809
0207010048121010201809
0207010056121004201809
0207010056121010201809
0207010064121004201809
0207010064121010201809
0207010072121004201809
0207010072121010201809
0207020019121004201809
0207020019121010201809
0207020027121004201809
0207020027121010201809
0207020035121004201809
0207020035121010201809
0207030014121004201809
0207030014121010201809
0207030022121004201809
0207030022121010201809
0207030030121004201809
0207030030121010201809
0207030049121004201809
0207030049121010201809
0208010017151001201809
0208010017151003201809
0208010025151001201809
0208010025151003201809
0208010033151001201809
0208010033151003201809
0208010041151001201809
0208010041151003201809
0208010050151001201809
0208010050151003201809
0208010068151001201809
0208010068151003201809
0208010076151001201809
0208010076151003201809
0208010084151001201809
0208010084151003201809
0208010092151001201809
0208010092151003201809
0208020012151001201809
0208020012151003201809
0208020020151001201809
0208020020151003201809
0208020039151001201809
0208020039151003201809
0208020047151001201809
0208020047151003201809
0208020055151001201809
0208020055151003201809
0208020063151001201809
0208020063151003201809
0208020071151001201809
0208020071151003201809
0208020080151001201809
0208020080151003201809
0208020098151001201809
0208020098151003201809
0208020101151001201809
0208020101151003201809
0208020110151001201809
0208020110151003201809
0208020128151001201809
0208020128151003201809
0208030018151001201809
0208030018151003201809
0208030026151001201809
0208030026151003201809
0208030034151001201809
0208030034151003201809
0208030042151001201809
0208030042151003201809
0208030050151001201809
0208030050151003201809
0208040013151001201809
0208040013151003201809
0208040021151001201809
0208040021151003201809
0208040030151001201809
0208040030151003201809
0208040048151001201809
0208040048151003201809
0208040056151001201809
0208040056151003201809
0208040064151001201809
0208040064151003201809
0208040072151001201809
0208040072151003201809
0208040080151001201809
0208040080151003201809
0208040099151001201809
0208040099151003201809
0208040102151001201809
0208040102151003201809
0208050019151001201809
0208050019151003201809
0208050027151001201809
0208050027151003201809
0208050035151001201809
0208050035151003201809
0208050043151001201809
0208050043151003201809
0208060014151001201809
0208060014151003201809
0208060022151001201809
0208060022151003201809
0208060030151001201809
0208060030151003201809
0208070010151001201809
0208070010151003201809
0208070028151001201809
0208070028151003201809
0208070036151001201809
0208070036151003201809
0208070044151001201809
0208070044151003201809
0208080015151001201809
0208080015151003201809
0208080023151001201809
0208080023151003201809
0208080031151001201809
0208080031151003201809
0208080040151001201809
0208080040151003201809
0208090010151001201809
0208090010151003201809
0208090029151001201809
0208090029151003201809
0208090037151001201809
0208090037151003201809
0209010010142001201809
0209010029142001201809
0209010037142001201809
0209010045142001201809
0209010053142001201809
0209010061142001201809
0209020016142003201809
0209030011142004201809
0209040017142002201809
0209040025142002201809
0209040033142002201809
0209040041142002201809
0209040050142002201809
0210010010121001201809
0210010010121007201809
0210010029121001201809
0210010029121007201809
0210010037121006201809
0210010037121011201809
0210010045121001201809
0210010045121007201809
0210010053121001201809
0210010053121007201809
0210010061121001201809
0210010061121007201809
0210010070121001201809
0210010070121007201809
0210010088121001201809
0210010088121007201809
0210010096121001201809
0210010096121007201809
0210010100121001201809
0210010100121007201809
0210010118121001201809
0210010118121007201809
0210010126121001201809
0210010126121007201809
0210010134121001201809
0210010134121007201809
0210010142121001201809
0210010142121007201809
0210010150121001201809
0210010150121007201809
0210010169121001201809
0210010169121006201809
0210010169121007201809
0210010177121001201809
0210010177121007201809
0210010185121001201809
0210010185121007201809
0210010193121001201809
0210010193121007201809
0210010207121001201809
0210010207121007201809
0210020016121001201809
0210020016121007201809
0211010022121002201809
0211020010116005201809
0211020028116005201809
0211020036113001201809
0211020036113002201809
0211020036113003201809
0211020036113004201809
0211020036122003201809
0211020036122007201809
0211020044122002201809
0211020044122006201809
0211020060122001201809
0211020060122005201809
0211030015126008201809
0211030015135001201809
0211030015135002201809
0211030015135003201809
0211030015135004201809
0211030015135005201809
0211030015135010201809
0211030015135011201809
0211030023126008201809
0211030023135001201809
0211030023135002201809
0211030023135003201809
0211030023135004201809
0211030023135005201809
0211030023135010201809
0211030023135011201809
0211030031126008201809
0211030031135001201809
0211030031135002201809
0211030031135003201809
0211030031135004201809
0211030031135005201809
0211030031135010201809
0211030031135011201809
0211030040126008201809
0211030040135001201809
0211030040135002201809
0211030040135003201809
0211030040135004201809
0211030040135005201809
0211030040135010201809
0211030040135011201809
0211030058126008201809
0211030058135001201809
0211030058135002201809
0211030058135003201809
0211030058135004201809
0211030058135005201809
0211030058135010201809
0211030058135011201809
0211030066126008201809
0211030066135001201809
0211030066135002201809
0211030066135003201809
0211030066135004201809
0211030066135005201809
0211030066135010201809
0211030066135011201809
0211030074126008201809
0211030074135001201809
0211030074135002201809
0211030074135003201809
0211030074135004201809
0211030074135005201809
0211030074135010201809
0211030074135011201809
0211030082126008201809
0211030082135001201809
0211030082135002201809
0211030082135003201809
0211030082135004201809
0211030082135005201809
0211030082135010201809
0211030082135011201809
0211030090126008201809
0211030090135001201809
0211030090135002201809
0211030090135003201809
0211030090135004201809
0211030090135005201809
0211030090135010201809
0211030090135011201809
0211040037145009201809
0211050024122004201809
0211050024122008201809
0211050032122004201809
0211050032122008201809
0211050040122004201809
0211050040122008201809
0211050059122004201809
0211050059122008201809
0211050067122004201809
0211050067122008201809
0211050091105006201809
0211050105105009201809
0211050105133001201809
0211050105133002201809
0211050105133003201809
0211050148105006201809
0211050156122004201809
0211050156122008201809
0211060011131001201809
0211060011135001201809
0211060011135004201809
0211060020131001201809
0211060020135001201809
0211060020135004201809
0211060038131001201809
0211060054131001201809
0211060062131001201809
0211060070131001201809
0211060070135001201809
0211060070135004201809
0211060089131001201809
0211060089135001201809
0211060089135004201809
0211060097131001201809
0211060100131001201809
0211060100135001201809
0211060100135004201809
0211060119131001201809
0211060127131001201809
0211060127131006201809
0211060127131007201809
0211060127135001201809
0211060127135004201809
0211060135131001201809
0211060143131001201809
0211060151113001201809
0211060151113002201809
0211060151113003201809
0211060151113004201809
0211060151131001201809
0211060151135001201809
0211060151135004201809
0211060160131001201809
0211060160135001201809
0211060160135004201809
0211060178131001201809
0211060178131005201809
0211060186131001201809
0211060208131001201809
0211060216131001201809
0211060216135001201809
0211060216135004201809
0211060224131001201809
0211060224135001201809
0211060224135004201809
0211060232131001201809
0211060232135001201809
0211060232135004201809
0211060240131001201809
0211060259131001201809
0211060259135001201809
0211060259135004201809
0211060267131001201809
0211070025135005201809
0211070025135010201809
0211070033135005201809
0211070033135010201809
0211070041135010201809
0211070092135005201809
0211070092135010201809
0211070106135005201809
0211070106135010201809
0211070122135010201809
0211070157135005201809
0211070157135010201809
0211070165135005201809
0211070165135010201809
0211070190135001201809
0211070190135002201809
0211070190135003201809
0211070190135004201809
0211070190135005201809
0211070190135010201809
0211070203135005201809
0211070203135010201809
0211070211135005201809
0211070211135010201809
0211070238135005201809
0211070238135010201809
0211070246135005201809
0211070246135010201809
0211070254135010201809
0211070262135005201809
0211070262135010201809
0211070270107007201809
0211070270135010201809
0211070289135005201809
0211070289135010201809
0211070297135005201809
0211070297135010201809
0211070300135005201809
0211070300135010201809
0211070319135005201809
0211070319135010201809
0211070327135005201809
0211070327135010201809
0211070335135005201809
0211070335135010201809
0211070343135005201809
0211070343135010201809
0211070378107008201809
0211070386107008201809
0211070394107008201809
0211070408107008201809
0211070416107008201809
0211080012133001201809
0211080020133001201809
0211080039133001201809
0211080047133001201809
0211080055133002201809
0211080055133003201809
0211080063133001201809
0211080071133001201809
0211080080122001201809
0211080080122005201809
0211100013115002201809
0211100013135001201809
0211100013135003201809
0211100013135004201809
0211100013135005201809
0211100013135010201809
0211100013135011201809
0212010018128002201809
0212010026128002201809
0212010034128002201809
0212010042128002201809
0212010050128002201809
0212010069128002201809
0212020013128003201809
0212020021128003201809
0212020030128003201809
0212020048128003201809
0212020056128003201809
0212020064128003201809
0213010011141001201809
0213010020141001201809
0213010038141001201809
0213010054141001201809
0213010062141001201809
0213010070141001201809
0213010089141001201809
0213010097141001201809
0213010100141001201809
0213010119141001201809
0213010127141001201809
0213010135141001201809
0213010143141001201809
0213010160141001201809
0213010178141001201809
0213010186141001201809
0213010194141001201809
0213010208141001201809
0213010216141001201809
0213010224141001201809
0213010232141001201809
0213010240141001201809
0213010259141001201809
0213010267141001201809
0213010275141001201809
0213010291141001201809
0213010305141001201809
0213010321141001201809
0213010330141001201809
0213010348141001201809
0213010356141001201809
0213010364141001201809
0213010372141001201809
0213010380141001201809
0213010399141001201809
0213010402141001201809
0213010410141001201809
0213010429141001201809
0213010437141001201809
0213010445141001201809
0213010453141001201809
0213010470141001201809
0213010488141001201809
0213010496141001201809
0213010500141001201809
0213010518141001201809
0213010526141001201809
0213010534141001201809
0213010542141001201809
0213010550141001201809
0213010569141001201809
0213010577141001201809
0213010585141001201809
0213010607141001201809
0213010615141001201809
0213010623141001201809
0213010631141001201809
0213010640141001201809
0213010658141001201809
0213010666141001201809
0213010674141001201809
0213010682141001201809
0213010690141001201809
0213010704141001201809
0213020017141003201809
0213020025141003201809
0213020033141003201809
0213020041141003201809
0213020050141003201809
0213020068141003201809
0213020076141003201809
0213020084141003201809
0301010102131001201809
0301010196168001201809
0301010196168002201809
0301010200168001201809
0301010200168002201809
0301010218168001201809
0301010218168002201809
0301010226168001201809
0301010226168002201809
0301020019108001201809
0301020027108001201809
0301030022103006201809
0301030049103012201809
0301030057103002201809
0301030057103005201809
0301030081103002201809
0301030090103003201809
0301030103103002201809
0301030111104003201809
0301030120104003201809
0301030138104003201809
0301030146104003201809
0301030154103001201809
0301030162103003201809
0301030162103005201809
0301040052165001201809
0301040060165008201809
0301050015133001201809
0301050031113001201809
0301050031113003201809
0301050031113004201809
0301050040113001201809
0301050066113003201809
0301050066113004201809
0301050066133001201809
0301050074113002201809
0301050082113003201809
0301050082113004201809
0301050112113003201809
0301050112113004201809
0301050120113003201809
0301050120113004201809
0301050139113003201809
0301050139113004201809
0301050147108003201809
0301050147113003201809
0301050147113004201809
0301050155113002201809
0301050155113004201809
0301070016107005201809
0301070024113001201809
0301070024113002201809
0301070024113003201809
0301070024113004201809
0301070024135001201809
0301070024135002201809
0301070024135003201809
0301070024135004201809
0301070024135005201809
0301070024135010201809
0301070032135005201809
0301070032135010201809
0301070040115002201809
0301070040135001201809
0301070040135002201809
0301070040135003201809
0301070040135004201809
0301070040135005201809
0301070040135010201809
0301070040135011201809
0301070067113001201809
0301070067113002201809
0301070067113003201809
0301070067113004201809
0301070067135001201809
0301070067135002201809
0301070067135003201809
0301070067135004201809
0301070067135005201809
0301070067135010201809
0301070075135001201809
0301070075135002201809
0301070075135003201809
0301070075135004201809
0301070075135005201809
0301070075135009201809
0301070075135010201809
0301070083135001201809
0301070083135002201809
0301070083135003201809
0301070083135004201809
0301070083135005201809
0301070083135010201809
0301070091135003201809
0301070091135011201809
0301070105135003201809
0301070105135011201809
0301070113113001201809
0301070113113002201809
0301070113113003201809
0301070113113004201809
0301070113135001201809
0301070113135002201809
0301070113135003201809
0301070113135004201809
0301070113135005201809
0301070113135010201809
0301070121135003201809
0301070130135003201809
0301070130135011201809
0301070148135001201809
0301070148135004201809
0301070156135001201809
0301070156135004201809
0301070164135001201809
0301070164135004201809
0301070172107008201809
0301070180107008201809
0301070199107008201809
0301080011119001201809
0301080020115002201809
0301080038115002201809
0301080046115001201809
0301080046115004201809
0301080046115005201809
0301080160115002201809
0301080160135001201809
0301080160135003201809
0301080160135004201809
0301080160135005201809
0301080160135010201809
0301080160135011201809
0301080178115002201809
0301080194115002201809
0301080208115002201809
0301080216115002201809
0301080224115002201809
0301080232115002201809
0301080240115002201809
0301080259115002201809
0301080267115002201809
0301080275115002201809
0301080283115002201809
0301080291115002201809
0301080305115002201809
0301080313115002201809
0301080321115002201809
0301080330115002201809
0301080348115002201809
0301080356115002201809
0301080364115008201809
0301080372115006201809
0301080380115007201809
0301080399115002201809
0301110018117002201809
0301110026117002201809
0301120056127001201809
0301120064139005201809
0301120072139006201809
0301120080127001201809
0301130035153001201809
0301130043153001201809
0301130043153002201809
0301130051130006201809
0301130060130006201809
0301140014113002201809
0301140014113004201809
0302010017126001201809
0302010025126001201809
0302010033126001201809
0302020012113001201809
0302020012113002201809
0302020012113003201809
0302020012113004201809
0302020012126002201809
0302020020113001201809
0302020020113002201809
0302020020113003201809
0302020020113004201809
0302020020126002201809
0302020039126002201809
0302030018126003201809
0302030018135001201809
0302030018135004201809
0302030026126003201809
0302030026135001201809
0302030026135004201809
0302040013126002201809
0302040013126004201809
0302040013126006201809
0302040013126007201809
0302040013135003201809
0302040013135011201809
0302040021113001201809
0302040021113002201809
0302040021113003201809
0302040021113004201809
0302040021126004201809
0302040021135003201809
0302040021135004201809
0302040021135011201809
0302040030113001201809
0302040030113002201809
0302040030113003201809
0302040030113004201809
0302040030126004201809
0302040048126004201809
0302040048135003201809
0302040048135011201809
0302040056126004201809
0302040056135003201809
0302040056135011201809
0302050019126005201809
0302050019135003201809
0302050019135011201809
0302050027113001201809
0302050027113002201809
0302050027113003201809
0302050027113004201809
0302050027126005201809
0302050027135003201809
0302050027135004201809
0302050027135011201809
0302050035126005201809
0302060014113001201809
0302060014113002201809
0302060014113003201809
0302060014113004201809
0302060014126007201809
0302060014135003201809
0302060014135004201809
0302060014135011201809
0302060022113001201809
0302060022113002201809
0302060022113003201809
0302060022113004201809
0302060022126007201809
0302060022135003201809
0302060022135004201809
0302060022135011201809
0302060030126007201809
0302060030135003201809
0302060030135011201809
0302060049126007201809
0302060049135002201809
0302060049135003201809
0302060049135004201809
0302060049135011201809
0302060057126007201809
0302060057135003201809
0302060057135011201809
0302070010126006201809
0302070028126006201809
0302070036126006201809
0303030089153001201809
0303030097153001201809
0303040068105001201809
0303040068105002201809
0303040068105003201809
0303040068105004201809
0303040068105005201809
0303040068105006201809
0303040068105007201809
0303040068105008201809
0303040068132005201809
0303040106105001201809
0303040106105002201809
0303040106105003201809
0303040106105004201809
0303040106105005201809
0303040114105001201809
0303040114105002201809
0303040114105003201809
0303040114105004201809
0303040114105005201809
0303040114155001201809
0303040114155002201809
0303040114155003201809
0303040122105001201809
0303040122105002201809
0303040122105003201809
0303040122105004201809
0303040122105005201809
0303040122132005201809
0303040300140005201809
0303040300140006201809
0303040300140019201809
0303050012131002201809
0303050020131002201809
0303050039131002201809
0303050047131002201809
0303050055131002201809
0303050063131002201809
0303050071131002201809
0303050080131002201809
0303050098131002201809
0303050101131002201809
0303050110131002201809
0303050136131002201809
0303050144131002201809
0303050152131002201809
0303050160131002201809
0303050179131002201809
0303050187131002201809
0303050195131002201809
0303050209131002201809
0303050217131002201809
0303050225131002201809
0303070013142001201809
0303070137127001201809
0303170131115003201809
0303170140115003201809
0303170158115003201809
0303170166115003201809
0303170174115003201809
0303170182115003201809
0303190019113001201809
0303190019113002201809
0303190019113003201809
0303190019113004201809
0303190019135003201809
0304010014132004201809
0304010022132004201809
0304010030132004201809
0304010049132004201809
0304010057132004201809
0304010065132004201809
0304010073132004201809
0304010081132004201809
0304010090132004201809
0304010111132001201809
0304010111132002201809
0304010111132003201809
0304010111132004201809
0304010120132004201809
0304010138132004201809
0304010146132004201809
0304010154132004201809
0304010162132004201809
0304010170132004201809
0304010189132004201809
0304010197132004201809
0304010200132004201809
0304010219132004201809
0304010235132004201809
0304010243132004201809
0304010260132004201809
0304010286132004201809
0304010294132004201809
0304010308132004201809
0304010316132004201809
0304010324132004201809
0304010332132004201809
0304010340132004201809
0304010359105003201809
0304010359105004201809
0304010359132001201809
0304010359132003201809
0304010359132004201809
0304020010132003201809
0304020028132003201809
0304020036132003201809
0304020044132003201809
0304020052132003201809
0304020060132003201809
0304020079132003201809
0304020087132003201809
0304020095132003201809
0304020109132003201809
0304020117132003201809
0304020125132003201809
0304020133132003201809
0304020141132003201809
0304020150132003201809
0304020168132003201809
0304020176132003201809
0304020184132003201809
0304020192132003201809
0304020206132003201809
0304020214132003201809
0304020222132003201809
0304020230132003201809
0304020249132003201809
0304020257132003201809
0304020265132003201809
0304020273132003201809
0304020281132003201809
0304020290132003201809
0304020303132003201809
0304020311132003201809
0304020320132003201809
0304020338132003201809
0304020346132003201809
0304020362132003201809
0304020370132003201809
0304020389132003201809
0304020397132003201809
0304020400132003201809
0304020419132003201809
0304020427132003201809
0304020435132003201809
0304020443132003201809
0304030015132002201809
0304030015132003201809
0304030023132002201809
0304030023132003201809
0304030031132002201809
0304030031132003201809
0304030040132002201809
0304030040132003201809
0304030058132002201809
0304030058132003201809
0304030066132002201809
0304030066132003201809
0304030074132002201809
0304030074132003201809
0304030082132002201809
0304030082132003201809
0304030090132002201809
0304030090132003201809
0304030104132002201809
0304030104132003201809
0304030112132002201809
0304030112132003201809
0304030120132002201809
0304030120132003201809
0304030139132002201809
0304030139132003201809
0304030147132002201809
0304030147132003201809
0304030155132002201809
0304030155132003201809
0304030163132002201809
0304030163132003201809
0304030171132002201809
0304030171132003201809
0304030180132002201809
0304030180132003201809
0304030198132002201809
0304030198132003201809
0304030201132002201809
0304030201132003201809
0304030210132002201809
0304030210132003201809
0304030228132002201809
0304030228132003201809
0304030236132003201809
0304030244132003201809
0304040010132003201809
0304040029132003201809
0304040045132003201809
0304040053132003201809
0304040061132003201809
0304040070132003201809
0304040088132003201809
0304040096132003201809
0304040100132003201809
0304040118132003201809
0304040126132003201809
0304040134132003201809
0304040142132003201809
0304040150132003201809
0304040169132003201809
0304040177132003201809
0304040185132003201809
0304040193132003201809
0304040207132003201809
0304050016132003201809
0304050024132003201809
0304050032132003201809
0304050040132003201809
0304050067132003201809
0304050075132003201809
0304050113132003201809
0304050121132003201809
0304050130132003201809
0304050172132003201809
0304050180132003201809
0304050202132003201809
0304050210132003201809
0304050229132003201809
0304050253132003201809
0304050261132003201809
0304050270132003201809
0304050288132003201809
0304050296132003201809
0304050300132003201809
0304050318132003201809
0304050326132003201809
0304050334132003201809
0304050342132003201809
0304060011132002201809
0304060011132003201809
0304060038132002201809
0304060038132003201809
0304060046132002201809
0304060046132003201809
0304060070132002201809
0304060070132003201809
0304060089132002201809
0304060089132003201809
0304060097132002201809
0304060097132003201809
0304060100132002201809
0304060100132003201809
0304060119132002201809
0304060119132003201809
0304060127132002201809
0304060127132003201809
0304060135132002201809
0304060135132003201809
0304060151132003201809
0304060160132003201809
0304060178132003201809
0304060186132003201809
0304060208132003201809
0304060216132003201809
0304060224132002201809
0304060224132003201809
0304060232132002201809
0304060232132003201809
0304060240132002201809
0304060240132003201809
0304070017132001201809
0304070017132002201809
0304070017132003201809
0304070025132001201809
0304070025132002201809
0304070025132003201809
0304070033132001201809
0304070033132002201809
0304070033132003201809
0304070041132001201809
0304070041132002201809
0304070041132003201809
0304070050132001201809
0304070050132003201809
0304070068132001201809
0304070068132002201809
0304070068132003201809
0304070076132001201809
0304070076132002201809
0304070076132003201809
0304080012132001201809
0304080012132002201809
0304080012132003201809
0304080020132001201809
0304080020132002201809
0304080020132003201809
0304080039132001201809
0304080039132002201809
0304080039132003201809
0304080047132001201809
0304080047132003201809
0304080055132001201809
0304080055132002201809
0304080055132003201809
0304080063132003201809
0304080071132001201809
0304080071132002201809
0304080071132003201809
0304090018151001201809
0304090026151001201809
0304090034151001201809
0304090042151001201809
0304090050151001201809
0304090069151001201809
0305010018130001201809
0305010026130001201809
0305010093130001201809
0305010107130001201809
0305010115130001201809
0305010123130001201809
0305010166130001201809
0305010204130001201809
0306010011128001201809
0306010020128001201809
0306010038128001201809
0306020017128004201809
0306020025128004201809
0306020033128004201809
0306020041128003201809
0306020050128004201809
0306020068128004201809
0306020076128004201809
0306020084128004201809
0306020092128004201809
0306020106128004201809
0306020114128004201809
0306020122128004201809
0306020130128004201809
0306020149128004201809
0306020157128004201809
0309030056142003201809
0309030064142003201809
0309030102169002201809
0309030110169002201809
0309030129169002201809
0309030137169002201809
0309050014113001201809
0309050014113002201809
0309050014113003201809
0309050014113004201809
0309050014134001201809
0309050014135001201809
0309050014135002201809
0309050014135003201809
0309050014135004201809
0309050014135005201809
0309050014135010201809
0309050014135011201809
0309050022113001201809
0309050022113002201809
0309050022113003201809
0309050022113004201809
0309050022134001201809
0309050022135001201809
0309050022135002201809
0309050022135003201809
0309050022135004201809
0309050022135005201809
0309050022135010201809
0309050022135011201809
0309050030113001201809
0309050030113002201809
0309050030113003201809
0309050030113004201809
0309050030134003201809
0309050030135001201809
0309050030135002201809
0309050030135003201809
0309050030135004201809
0309050030135005201809
0309050030135010201809
0309050030135011201809
0309070015116008201809
0309070023116008201809
0403010047105001201809
0403010047105002201809
0403010047105003201809
0403010047105004201809
0403010047105005201809
0403010047132005201809
0403010055105001201809
0403010055105002201809
0403010055105003201809
0403010055105004201809
0403010055105005201809
0403010055132005201809
0403010071105001201809
0403010071105002201809
0403010071105003201809
0403010071105004201809
0403010071105005201809
0403010071132005201809
0403010110105001201809
0403010110105002201809
0403010110105003201809
0403010110105004201809
0403010110105005201809
0403010110132005201809
0403010128105001201809
0403010128105002201809
0403010128105003201809
0403010128105004201809
0403010128105005201809
0403010128132005201809
0403010136105001201809
0403010136105002201809
0403010136105003201809
0403010136105004201809
0403010136105005201809
0403010144105001201809
0403010144105002201809
0403010144105003201809
0403010144105004201809
0403010144105005201809
0403010144132005201809
0403010217105001201809
0403010217105002201809
0403010217105003201809
0403010217105004201809
0403010217105005201809
0403010225105001201809
0403010225105002201809
0403010225105003201809
0403010225105004201809
0403010225105005201809
0403010233105001201809
0403010233105002201809
0403010233105003201809
0403010233105004201809
0403010233105005201809
0403010241105001201809
0403010241105002201809
0403010241105003201809
0403010241105004201809
0403010241105005201809
0403010241132005201809
0403010250105001201809
0403010250105002201809
0403010250105003201809
0403010250105004201809
0403010250105005201809
0403010250132005201809
0403010292105001201809
0403010292105002201809
0403010292105003201809
0403010292105004201809
0403010292105005201809
0403010292132005201809
0403010330105001201809
0403010330105002201809
0403010330105003201809
0403010330105004201809
0403010330105005201809
0403010357105001201809
0403010357105002201809
0403010357105003201809
0403010357105004201809
0403010357105005201809
0403010357132005201809
0403020018105001201809
0403020018105002201809
0403020018105003201809
0403020018105004201809
0403020018105005201809
0403020018132005201809
0403020018155001201809
0403020018155002201809
0403020026105001201809
0403020026105002201809
0403020026105003201809
0403020026105004201809
0403020026105005201809
0403020026132005201809
0403020026155001201809
0403020026155002201809
0403020034105001201809
0403020034105002201809
0403020034105003201809
0403020034105004201809
0403020034105005201809
0403020034132005201809
0403020034155001201809
0403020034155002201809
0403020042105001201809
0403020042105002201809
0403020042105003201809
0403020042105004201809
0403020042105005201809
0403020042132005201809
0403020042155001201809
0403020042155002201809
0403020050105001201809
0403020050105002201809
0403020050105003201809
0403020050105004201809
0403020050105005201809
0403020050132005201809
0403020050155001201809
0403020050155002201809
0403020069105001201809
0403020069105002201809
0403020069105003201809
0403020069105004201809
0403020069105005201809
0403020069132005201809
0403020069155001201809
0403020069155002201809
0403020093105001201809
0403020093105002201809
0403020093105003201809
0403020093105004201809
0403020093105005201809
0403020093132005201809
0403020115105001201809
0403020115105002201809
0403020115105003201809
0403020115105004201809
0403020115105005201809
0403020115132005201809
0403020115155001201809
0403020115155002201809
0403020131105001201809
0403020131105002201809
0403020131105003201809
0403020131105004201809
0403020131105005201809
0403020131132005201809
0403020131155001201809
0403020131155002201809
0403030013105001201809
0403030013105002201809
0403030013105003201809
0403030013105004201809
0403030013105005201809
0403030013132005201809
0403030021105001201809
0403030021105002201809
0403030021105003201809
0403030021105004201809
0403030021105005201809
0403030021132005201809
0403030030105001201809
0403030030105002201809
0403030030105003201809
0403030030105004201809
0403030030105005201809
0403030030132005201809
0403030048105001201809
0403030048105002201809
0403030048105003201809
0403030048105004201809
0403030048105005201809
0403030048132005201809
0403030056105001201809
0403030056105002201809
0403030056105003201809
0403030056105004201809
0403030056105005201809
0403030056132005201809
0403030064105001201809
0403030064105002201809
0403030064105003201809
0403030064105004201809
0403030064105005201809
0403030064132005201809
0403030080105001201809
0403030080105002201809
0403030080105003201809
0403030080105004201809
0403030080105005201809
0403030080132005201809
0403030099105001201809
0403030099105002201809
0403030099105003201809
0403030099105004201809
0403030099105005201809
0403030099132005201809
0403030102105001201809
0403030102105002201809
0403030102105003201809
0403030102105004201809
0403030102105005201809
0403030102132005201809
0403030110105001201809
0403030110105002201809
0403030110105003201809
0403030110105004201809
0403030110105005201809
0403030110132005201809
0403030129105001201809
0403030129105002201809
0403030129105003201809
0403030129105004201809
0403030129105005201809
0403030129132005201809
0403030137105001201809
0403030137105002201809
0403030137105003201809
0403030137105004201809
0403030137105005201809
0403030137132005201809
0403030145105001201809
0403030145105002201809
0403030145105003201809
0403030145105004201809
0403030145105005201809
0403030145132005201809
0403030153105001201809
0403030153105002201809
0403030153105003201809
0403030153105004201809
0403030153105005201809
0403030153132005201809
0403030161105001201809
0403030161105002201809
0403030161105003201809
0403030161105004201809
0403030161105005201809
0403030161132005201809
0403040019105001201809
0403040019105002201809
0403040019105003201809
0403040019105004201809
0403040019105005201809
0403040027105001201809
0403040027105002201809
0403040027105003201809
0403040027105004201809
0403040027105005201809
0403040027132005201809
0403040051105001201809
0403040051105002201809
0403040051105003201809
0403040051105004201809
0403040051105005201809
0403040060105001201809
0403040060105002201809
0403040060105003201809
0403040060105004201809
0403040060105005201809
0403040078105001201809
0403040078105002201809
0403040078105003201809
0403040078105004201809
0403040078105005201809
0403040086105001201809
0403040086105002201809
0403040086105003201809
0403040086105004201809
0403040086105005201809
0403040086132005201809
0403040094105001201809
0403040094105002201809
0403040094105003201809
0403040094105004201809
0403040094105005201809
0403040108105001201809
0403040108105002201809
0403040108105003201809
0403040108105004201809
0403040108105005201809
0403040116105001201809
0403040116105002201809
0403040116105003201809
0403040116105004201809
0403040116105005201809
0403040124105001201809
0403040124105002201809
0403040124105003201809
0403040124105004201809
0403040124105005201809
0403050030105001201809
0403050030105002201809
0403050030105003201809
0403050030105004201809
0403050030105005201809
0403050030132005201809
0403050049105001201809
0403050049105002201809
0403050049105003201809
0403050049105004201809
0403050049105005201809
0403050049132005201809
0403050057105001201809
0403050057105002201809
0403050057105003201809
0403050057105004201809
0403050057105005201809
0403050057105008201809
0403050065105001201809
0403050065105002201809
0403050065105003201809
0403050065105004201809
0403050065105005201809
0403050065132005201809
0403050073105001201809
0403050073105002201809
0403050073105003201809
0403050073105004201809
0403050073105005201809
0403050073132005201809
0403050090105001201809
0403050090105002201809
0403050090105003201809
0403050090105004201809
0403050090105005201809
0403050090132005201809
0403050103105001201809
0403050103105002201809
0403050103105003201809
0403050103105004201809
0403050103105005201809
0403050103132005201809
0403050154105001201809
0403050154105002201809
0403050154105003201809
0403050154105004201809
0403050154105005201809
0403050154132005201809
0403050162105001201809
0403050162105002201809
0403050162105003201809
0403050162105004201809
0403050162105005201809
0403050162132005201809
0403060010105006201809
0403060028105006201809
0403060036105006201809
0403060044105006201809
0403060052105006201809
0403060060105006201809
0403060079105006201809
0403060087105006201809
0403060095105006201809
0403070015105007201809
0403070040105007201809
0403070058105007201809
0403070082105007201809
0403070090105007201809
0403070104105007201809
0403070112105007201809
0403070120105007201809
0403070139105007201809
0403070139132005201809
0403070147105007201809
0403070155105007201809
0403070163105007201809
0403080010105008201809
0403080029105008201809
0403080037105008201809
0403080045105008201809
0403080053105008201809
0403080061105008201809
0403080070105008201809
0403080088105008201809
0403080096105008201809
0403080100105008201809
0404010563153002201809
0404010571107008201809
0404010580107008201809
0404010598107008201809
0404010601107008201809
0404010610107008201809
0404010628107008201809
0404010636107008201809
0404010644107008201809
0404020445114006201809
0404020445114007201809
0405010010131003201809
0405010028131003201809
0405010036131003201809
0405010044131003201809
0405010052131003201809
0405010060131003201809
0405010079131003201809
0405010087131003201809
0405010109131003201809
0405010117131003201809
0405010125131003201809
0405010125132001201809
0405010125132005201809
0405010133131003201809
0405010133132001201809
0405010133132005201809
0405010141131003201809
0405010150131003201809
0405010168131003201809
0405010176131003201809
0405010184131003201809
0405010192131003201809
0405010206131003201809
0405020015131003201809
0405020023131003201809
0405030010131003201809
0405030010132001201809
0405030010132005201809
0405030029131003201809
0405030037131003201809
0405030045131003201809
0405030053131003201809
0405030070131003201809
0405030096131003201809
0405030100131003201809
0405030118131003201809
0405030126131003201809
0405030126132001201809
0405030126132005201809
0405030134131003201809
0405030142131003201809
0405030150131003201809
0405030169131003201809
0405030177131003201809
0405030185131003201809
0405030193131003201809
0405030207131003201809
0405030215131003201809
0405030223131003201809
0405030231131003201809
0405040016131003201809
0405040024131003201809
0405040024132001201809
0405040024132005201809
0405040040131003201809
0405040059131003201809
0405040067131003201809
0405040067132001201809
0405040067132005201809
0405040075131003201809
0405040075132001201809
0405040075132005201809
0405040083131003201809
0405040083132001201809
0405040083132005201809
0405040091131003201809
0405040091132001201809
0405040091132005201809
0405040105131003201809
0405040130131003201809
0405040148131003201809
0405040148132001201809
0405040148132005201809
0405040156131003201809
0405040156132001201809
0405040156132005201809
0405040164131003201809
0405040164132001201809
0405040164132005201809
0405040180131003201809
0405040199131003201809
0405040202131003201809
0405040210131003201809
0405050011131003201809
0405050020131003201809
0405050038131003201809
0405050046131003201809
0405050054131003201809
0405050062131003201809
0405050070131003201809
0405050089131003201809
0405050089132001201809
0405050089132005201809
0405050097131003201809
0405050100131003201809
0405050119131003201809
0405050127131003201809
0405050135131003201809
0405050143131003201809
0405050151131003201809
0405050160131003201809
0405050178131003201809
0405050186131003201809
0405050194131003201809
0405050208131003201809
0405050208132001201809
0405050208132005201809
0405050216131003201809
0405050224131003201809
0405050232131003201809
0405050240131003201809
0405050259131003201809
0405050267131003201809
0405050283131003201809
0405050291131003201809
0405050305131003201809
0405050313131003201809
0405050321131003201809
0405050356131003201809
0405050364131003201809
0405050372131003201809
0405050380131003201809
0405050399131003201809
0406010013116003201809
0406010021116002201809
0406010021116003201809
0406010048116002201809
0406010048116003201809
0406010056116002201809
0406010056116003201809
0406010064116002201809
0406010064116003201809
0406010072116002201809
0406010072116003201809
0406010080116002201809
0406010080116003201809
0406010099116002201809
0406010099116003201809
0406010137116002201809
0406010137116003201809
0406010137116004201809
0406010153116003201809
0406010161116002201809
0406010161116003201809
0406010170116002201809
0406010170116003201809
0406010188116002201809
0406010188116003201809
0406010196116003201809
0406010200116002201809
0406010200116003201809
0406010218116002201809
0406010218116003201809
0406010226116003201809
0406010234116002201809
0406010234116003201809
0406010242116002201809
0406010242116003201809
0406010250116003201809
0406010269116003201809
0406010277116003201809
0406010285116003201809
0406010293116002201809
0406010293116003201809
0406010307116002201809
0406010307116003201809
0406010315116002201809
0406010315116003201809
0406010323116002201809
0406010323116003201809
0406010331116003201809
0406010340116002201809
0406010340116003201809
0406010358116002201809
0406010358116003201809
0406010366116003201809
0406010374116003201809
0406010382116002201809
0406010382116003201809
0406010390116002201809
0406010390116003201809
0406010404116002201809
0406010404116003201809
0406010420116003201809
0406010439116002201809
0406010439116003201809
0406010447116003201809
0406010455116002201809
0406010455116003201809
0406010463116003201809
0406010471116003201809
0406010480116002201809
0406010480116003201809
0406010498116003201809
0406010501116002201809
0406010501116003201809
0406010528116002201809
0406010528116003201809
0406010536116002201809
0406010536116003201809
0406010544116002201809
0406010544116003201809
0406010552116002201809
0406010552116003201809
0406010560116002201809
0406010560116003201809
0406010579116002201809
0406010579116003201809
0406010617116002201809
0406010617116005201809
0406010722116002201809
0406011230116002201809
0406011230116003201809
0406011249116002201809
0406011249116003201809
0406011257116002201809
0406011257116003201809
0406011265116002201809
0406011265116003201809
0406011273116002201809
0406011273116003201809
0406011281116002201809
0406011281116003201809
0406011290116002201809
0406011290116003201809
0406011303116002201809
0406011303116003201809
0406011311116002201809
0406011311116003201809
0406011320116002201809
0406011320116003201809
0406011338116002201809
0406011338116003201809
0406011346116002201809
0406011346116003201809
0406011354116002201809
0406011354116003201809
0406011362116002201809
0406011362116003201809
0406011370116002201809
0406011370116003201809
0406011389116002201809
0406011389116003201809
0406011397116002201809
0406011397116003201809
0406011400116002201809
0406011400116003201809
0406011419116002201809
0406011419116003201809
0406011427116002201809
0406011427116003201809
0406011435116002201809
0406011435116003201809
0406011443116002201809
0406011443116003201809
0406011451116002201809
0406011451116003201809
0406011460116002201809
0406011460116003201809
0406011478116002201809
0406011478116003201809
0406011486116002201809
0406011486116003201809
0406011494116002201809
0406011494116003201809
0406011508116002201809
0406011508116003201809
0406011516116002201809
0406011516116003201809
0407010122127001201809
0407010173127001201809
0407010181127001201809
0407010360127001201809
0407010378127001201809
0407030085121006201809
0407030093121006201809
0407030107121006201809
0407030115121006201809
0407030239121006201809
0409010189169002201809
0409050130153002201809
0409050148153002201809
0409060291153002201809
0410010197153002201809
0410010200153002201809
0413010015117002201809
0413010015140019201809
0413010031117002201809
0413010040117002201809
0413010058117002201809
0413010066117002201809
0413010066140019201809
0413010074117002201809
0413010082117002201809
0413010082140012201809
0413010082140019201809
0413010090117002201809
0413010090140006201809
0413010090140019201809
0413030016117001201809
0413030024117001201809
0413030032117001201809
0413030040117001201809
0413030040117003201809
0413030059117001201809
0413030067117001201809
0413030075117001201809
0413030083117001201809
0413040038127001201809
0413040054127001201809
0413040062127001201809
0413040070127001201809
0413040089127001201809
0413040259127001201809
0415020018127001201809
0415020050132005201809
0416010016132005201809
0416010024132005201809
0416010032132005201809
0416010040132005201809
0416010075132005201809
0416010091132005201809
0416010113132005201809
0416010121132005201809
0416010130132005201809
0416010164132005201809
0416010172132005201809
0416010180132005201809
0416010199132005201809
0416010202132005201809
0416010210132005201809
0416010229132005201809
0416020020132005201809
0416020151132005201809
0416020160132005201809
0416020178132005201809
0416020186132005201809
0416020194132005201809
0416020208132005201809
0416020216132005201809
0416020224132005201809
0416020232132005201809
0416020240132005201809
0416020259132005201809
0416030017132005201809
0416030025132005201809
0416030033132005201809
0416030041132005201809
0416030068132005201809
0416030076132005201809
0416030084132005201809
0416030092132005201809
0416030149132005201809
0416030157132005201809
0416030165132005201809
0416030173132005201809
0416030181132005201809
0416030190132005201809
0416030203132005201809
0416030211132005201809
0416030220132005201809
0416030238132005201809
0416030246132005201809
0416030254132005201809
0416030262132005201809
0416030270132005201809
0416030289132005201809
0416030297132005201809
0416030300132005201809
0416030319132005201809
0416030327132005201809
0416030335132005201809
0416030343132005201809
0416030351132005201809
0416030360132005201809
0416040012132005201809
0416040020132005201809
0416040039132005201809
0416040047132005201809
0416040055132005201809
0416040071132005201809
0416040101132005201809
0416040110132005201809
0416040128132005201809
0416040144132005201809
0416040179132005201809
0416040187132005201809
0416040195132005201809
0416040209132005201809
0416040217132005201809
0416040225132005201809
0416040233132005201809
0416040241132005201809
0416040250132005201809
0416040268132005201809
0416040276132005201809
0416050018132005201809
0416050026132005201809
0416050034132005201809
0416050050132005201809
0416050077132005201809
0416050093132005201809
0416050107132005201809
0416050115132005201809
0416060013132005201809
0416060021132005201809
0416060030132005201809
0416060056132005201809
0416060064132005201809
0416060080132005201809
0416060099132005201809
0416060102132005201809
0416060110132005201809
0416060129132005201809
0416080014132005201809
0416080030132005201809
0416080081132005201809
0416080090132005201809
0416080111132005201809
0416080120132005201809
0416090010132005201809
0416090028132005201809
0416090036132005201809
0416090079132005201809
0416090109132005201809
0416090117132005201809
0416090125132005201809
0416090133132005201809
0416110010132005201809
0416110029132005201809
0416110037132005201809
0416110045132005201809
0416110053132005201809
0416110061132005201809
0416110070132005201809
0416110088132005201809
0416120024132005201809
0416120032132005201809
0416120040132005201809
0416120059132005201809
0418010013150002201809
0418010021150002201809
0418010030150001201809
0418010048130003201809
0418010064130003201809
0418010080130003201809
0418010099130003201809
0418020019130003201809
0418020027130003201809
0418020035130003201809
0501010017128001201809
0501060014121001201809
0501060014121007201809
0501060014149015201809
0501060022149015201809
0501060022151001201809
0501060022151003201809
0501060030121002201809
0501060030121008201809
0501060030149015201809
0501060049122004201809
0501060049122008201809
0501060049149015201809
0501060057121001201809
0501060057121002201809
0501060057121007201809
0501060057121008201809
0501060057122004201809
0501060057122008201809
0501060057149015201809
0501060057151001201809
0501060057151003201809
0501070028145003201809
0501070036145003201809
0501080031145008201809
0501080104145008201809
0502010010149015201809
0502010029149015201809
0503010014149015201809
0503010022149015201809
0503030015149015201809
0503030023149015201809
0503030031149015201809
0503030040149015201809
0503030058149015201809
0503030058149016201809
0503030066149015201809
0503030074149015201809
0503030082149015201809
0503030090149015201809
0503030104149015201809
0503040010149015201809
0503040029149015201809
0503040037149015201809
0503040045149015201809
0503040053149015201809
0503040061149015201809
0503040088149015201809
0504020013154002201809
0504020021154002201809
0504020030154002201809
0504020048154002201809
0504020056154002201809
0504030027154001201809
0506010023149014201809
0506010058149015201809
0603010016125006201809
0603020011125006201809
0603020020125006201809
0603020038125006201809
0603020046125006201809
0603020054125006201809
0603020062125006201809
0603020070125006201809
0603020089125006201809
0603020097125006201809
0603020100125006201809
0603030017125006201809
0603030025125006201809
0603030033125006201809
0603030041125006201809
0603040012125006201809
0603050018125006201809
0603050026125006201809
0603050034125006201809
0603050042125006201809
0603050050125006201809
0603050069125006201809
0603050077125006201809
0603050085125006201809
0603050093125006201809
0603050107125006201809
0603050115103003201809
0603050115103005201809
0603050115103012201809
0603050123103003201809
0603050123103005201809
0603050123103012201809
0603060013125006201809
0603070019125006201809
0603070027125006201809
0603070035125006201809
0603070043125006201809
0603070051125006201809
0603080014125006201809
0603080022125006201809
0603080030125006201809
0603080049125006201809
0603080057125006201809
0603080065125006201809
0603080073125006201809
0603080081125006201809
0603080090125006201809
0603080103125006201809
0603080111125006201809
0603080120125006201809
0603080138125006201809
0603080146125006201809
0603080154125006201809
0603080162125006201809
0603080170125006201809
0603080189125006201809
0603080197125006201809
0603080200125006201809
0603080219125006201809
0603080227125006201809
0604010010125001201809
0604010028125001201809
0604010036125001201809
0604010044125001201809
0604010052125001201809
0604010060125001201809
0604010079125001201809
0604010087125001201809
0604010095125001201809
0604020015125001201809
0604020023125001201809
0604020031125001201809
0604020040125001201809
0604020058125001201809
0604030010125001201809
0604030037125001201809
0604030045125001201809
0604030053125001201809
0604030061125001201809
0604040016125001201809
0604040024125001201809
0604040032125001201809
0604040040125001201809
0604040059125001201809
0604040067125001201809
0604040075125001201809
0604040091125001201809
0604050011125001201809
0604050020125001201809
0604050038125001201809
0604050046125001201809
0604050054125001201809
0604050062125001201809
0604050070125001201809
0604050089125001201809
0604050097125001201809
0604050100125001201809
0604050119125001201809
0604060017125001201809
0604060025125001201809
0604070012125001201809
0604080018125001201809
0604080026125001201809
0604090013125001201809
0604100019125001201809
0604110014125001201809
0604110022125001201809
0604110030125001201809
0604110049125001201809
0604110057125001201809
0604110065125001201809
0604120010125001201809
0604130015125001201809
0604130023125001201809
0604130031125001201809
0604130040125001201809
0604130058125001201809
0604130066125001201809
0604130074125001201809
0604130082125001201809
0604130090125001201809
0604130104125001201809
0604130112125001201809
0604130120125001201809
0604130139125001201809
0604140029125001201809
0604140037125001201809
0604150016125001201809
0604150024125001201809
0604160011125001201809
0604160020125001201809
0604160046125001201809
0604160054125001201809
0604170017125001201809
0604170025125001201809
0604170033125001201809
0604170041125001201809
0604170050125001201809
0604180012125001201809
0604180020125001201809
0604190018125001201809
0604200013125001201809
0604210019125001201809
0604210027125001201809
0604220014125001201809
0604230010125001201809
0604230028125001201809
0604230036125001201809
0604230044125001201809
0604230052125001201809
0604230060125001201809
0604230079125001201809
0604230087125001201809
0604240015125001201809
0604240023125001201809
0604240031125001201809
0604240040125001201809
0604240058125001201809
0604250010125001201809
0604260016125001201809
0604270011125001201809
0604270020125001201809
0604270038125001201809
0604270046125001201809
0604270054125001201809
0604270062125001201809
0604270070125001201809
0604270089125001201809
0604270097125001201809
0604270100125001201809
0604270119125001201809
0604280068125001201809
0604280076125001201809
0604280084125001201809
0604280092125001201809
0604280106125001201809
0604290012125001201809
0604290020125001201809
0604290039125001201809
0604290047125001201809
0604290063125001201809
0604290071125001201809
0604290080125001201809
0604300018125001201809
0604300026125001201809
0604300034125001201809
0604310013125001201809
0604310021125001201809
0604310030125001201809
0604310048125001201809
0604310056125001201809
0604310064125001201809
0604320019125001201809
0604320027125001201809
0604320035125001201809
0604320043125001201809
0604320051125001201809
0604320060125001201809
0604320078125001201809
0604320086125001201809
0604320094125001201809
0604320116125001201809
0604320124125001201809
0604320132125001201809
0604320140125001201809
0604330014125001201809
0604330022125001201809
0604340010125001201809
0604340028125001201809
0604340036125001201809
0604340044125001201809
0604340052125001201809
0604340060125001201809
0604340079125001201809
0604350015125001201809
0604350023125001201809
0604350031125001201809
0604360010125001201809
0604360029125001201809
0604360037125001201809
0604360045125001201809
0604360053125001201809
0604360061125001201809
0604360070125001201809
0604360088125001201809
0604360096125001201809
0604360100125001201809
0604360118125001201809
0604360126125001201809
0604370016125001201809
0604370024125001201809
0604380011125001201809
0604380020125001201809
0604380038125001201809
0604380046125001201809
0604380054125001201809
0604380062125001201809
0604380070125001201809
0604380089125001201809
0604390017125001201809
0604390025125001201809
0604390033125001201809
0604390041125001201809
0604390050125001201809
0604390068125001201809
0604390076125001201809
0604390084125001201809
0604390092125001201809
0604390106125001201809
0604390114125001201809
0604400012125001201809
0604410018125001201809
0604410026125001201809
0604410034125001201809
0604420013125001201809
0604430019125001201809
0604440014125001201809
0604450010125001201809
0604460023125001201809
0604460031125001201809
0604460040125001201809
0604460058125001201809
0604460066125001201809
0604470010125001201809
0604470029125001201809
0604470037125001201809
0604470045125001201809
0604470053125001201809
0604480016125001201809
0604490011125001201809
0604490020125001201809
0604500017125001201809
0604500025125001201809
0604500033125001201809
0604500041125001201809
0604500050125001201809
0604500068125001201809
0604500076125001201809
0604500084125001201809
0604510012125001201809
0604510020125001201809
0604510039125001201809
0604510047125001201809
0604520018125001201809
0604530013125001201809
0604530021125001201809
0604530030125001201809
0604540019125001201809
0604550014125001201809
0604550022125001201809
0604560010125001201809
0604570015125001201809
0604570023125001201809
0604570031125001201809
0604580010125001201809
0604580029125001201809
0604590016125001201809
0604590024125001201809
0604600011125001201809
0604600020125001201809
0604610017125001201809
0604610025125001201809
0604620012125001201809
0604620020125001201809
0604620039125001201809
0604620047125001201809
0604630018125001201809
0604640030125001201809
0604650019125001201809
0604650027125001201809
0604650035125001201809
0604660014125001201809
0604660022125001201809
0604660030125001201809
0604670010125001201809
0604680023125001201809
0604690010125001201809
0604700016125001201809
0604710011125001201809
0604710020125001201809
0604720017125001201809
0604720025125001201809
0604730012125001201809
0604740018125001201809
0604750013125001201809
0604750021125001201809
0604750030125001201809
0604750048125001201809
0604760019125001201809
0604760027125001201809
0604760035125001201809
0604760043125001201809
0604770030125001201809
0701010010164001201809
0701010029164001201809
0701010037164001201809
0701010045164001201809
0701010053164001201809
0701010061164001201809
0701010070164001201809
0701010088164001201809
0701010096164001201809
0701010100164001201809
0701010118164001201809
0701010126164001201809
0701010134164001201809
0701010142164001201809
0701010150164001201809
0701010169164001201809
0701010177164001201809
0701010185164002201809
0701010193164002201809
0701010207164001201809
0701010207164002201809
0701010215164001201809
0701010215164002201809
0701010223164001201809
0701010223164002201809
0701010231164001201809
0701010231164002201809
0701010240164001201809
0701010240164002201809
0701010258164001201809
0701010258164002201809
0701010266164001201809
0701010266164002201809
0701010274164001201809
0701010274164002201809
0701010282164001201809
0701010282164002201809
0701010290164001201809
0701010290164002201809
0701010304164001201809
0701010304164002201809
0701010312164001201809
0701010312164002201809
0701010320164001201809
0701010320164002201809
0701010339164001201809
0701010339164002201809
0701020016164003201809
0701020024164003201809
0701020032164003201809
0701020040164003201809
0701020059164003201809
0701020067164003201809
0701020075164003201809
0701020083164003201809
0701020091164003201809
0701020105164003201809
0701020113164003201809
0701020121164003201809
0701020130164003201809
0701020148164003201809
0701020156164003201809
0701020164164003201809
0701020172164003201809
0701020180164003201809
0701020199164003201809
0701020202164003201809
0701020210164003201809
0701020229164003201809
0701020237164003201809
0701020245164003201809
0701020253164003201809
0701020261164003201809
0701020270164003201809
0701020288164003201809
0701020296164003201809
0701020300164003201809
0701020318164003201809
0701020326164003201809
0701020334164003201809
0701020342164003201809
0701020350164003201809
0701020369164003201809
0701020377164003201809
0701020385164003201809
0701020393164003201809
0701020407164003201809
0701020415164003201809
0701020423164003201809
0701020431164003201809
0701020440164003201809
0701020458164003201809
0701020466164003201809
0701020474164003201809
0701020482164003201809
0701020490164003201809
0701020504164003201809
0701020512164003201809
0701020520164003201809
0701020539164003201809
0701020547164003201809
0701020555164003201809
0701020563164003201809
0701020571164004201809
0701020580164004201809
0701020598164001201809
0701020601164001201809
0701020610164001201809
0701020628164001201809
0701020636164001201809
0701020644164001201809
0701020652164001201809
0701030011164005201809
0701030020164005201809
0701030038164005201809
0701030046164005201809
0701030054164005201809
0701030062164005201809
0701030070164005201809
0701030089164005201809
0701030097164005201809
0701030100164005201809
0701030119164005201809
0701030127164005201809
0701030135164005201809
0701030143164005201809
0701030151164005201809
0701030160164005201809
0701030178164005201809
0701030186164005201809
0701030194164005201809
0701030208164005201809
0701030216164005201809
0701030224164005201809
0701030232164005201809
0701030240164005201809
0701030259164005201809
0701030267164005201809
0701030275164005201809
0701030283164005201809
0701030291164005201809
0701030305164006201809
0701030321164005201809
0701030321164006201809
0701030348107008201809
0701040017164007201809
0701040025164007201809
0701040033164007201809
0701040041164007201809
0701040050164007201809
0701040068164007201809
0701040092164007201809
0701040106164007201809
0701040114164007201809
0701040122164007201809
0701040130164007201809
0701040149164008201809
0701040157164008201809
0701050012135012201809
0701050012135013201809
0701050020135012201809
0701050020135013201809
0701050047135012201809
0701050047135013201809
0701060018135012201809
0701060018135013201809
0701060026135012201809
0701060026135013201809
0701060034135012201809
0701060034135013201809
0701060042135012201809
0701060042135013201809
0701070013123007201809
0701070021123007201809
0701070030123007201809
0701070048123007201809
0701070056123007201809
0701070064123007201809
0701070072123007201809
0701070080123007201809
0701070099157001201809
0701070102157001201809
0701070110123007201809
0701070129157001201809
0701070137157001201809
0701070145157001201809
0701070161123007201809
0701070161123008201809
0701070170123007201809
0701070170123008201809
0701080027123008201809
0701080043123008201809
0701080051123008201809
0701080060123008201809
0701080078123008201809
0701080086123008201809
0701080094123008201809
0701080132123008201809
0701080140123008201809
0701080159123008201809
0701080167123008201809
0701080175123008201809
0701080183123008201809
0701080191123008201809
0701090014164009201809
0701090022164009201809
0701090030164009201809
0701090049164009201809
0701090057164009201809
0701090065164009201809
0701090073164009201809
0701090081164009201809
0701090090164009201809
0701090103107008201809
0701090111107008201809
0701090120107008201809
0701090138107008201809
0701090146107008201809
0701090154107008201809
0701090162107008201809
0701090170107008201809
0701090189107008201809
0701090197107008201809
0701090200107008201809
0701090219107008201809
0701090227107008201809
0701090235107008201809
0701100010123010201809
0701100028123010201809
0701100036123010201809
0701100044123010201809
0701100052123010201809
0701100060123010201809
0701100079123010201809
0701100087123010201809
0701100095123010201809
0701100109123010201809
0702070041131002201809
0702070050131002201809
0702090050107008201809
0702090069107008201809
0702090085107008201809
0702090093107008201809
0702100013130001201809
0702100021130001201809
0702100030130001201809
0702100048130001201809
0702100056130001201809
0702100064130001201809
0702100072130001201809
0702100080130001201809
0702100099130001201809
0702100102130001201809
