020101003801202510
020101012701202510
020101012709202510
020101013501202510
020101013509202510
020101014301202510
020101014307202510
020101014309202510
020101016001202510
020101016009202510
020101020801202510
020101020809202510
020101024001202510
020101024007202510
020101024009202510
020101025901202510
020101026701202510
020101026707202510
020101026709202510
020101027503202510
020101027507202510
020101027509202510
020101030501202510
020101030507202510
020101030509202510
020101031301202510
020101031307202510
020101031309202510
020101032101202510
020101032107202510
020101032109202510
020101033001202510
020101033007202510
020101033009202510
020101040201202510
020101040207202510
020101040209202510
020101053401202510
020101053409202510
020101055001202510
020101055009202510
020904003301202510
020904003307202510
020904003309202510
020904005001202510
020904005007202510
020904005009202510
021105009101202510
021105010503202510
021105010507202510
021105010509202510
021105014801202510
030106001003202510
030106001007202510
030106007001202510
030106007003202510
030106007007202510
030106007009202510
030106008803202510
030109001703202510
030109001709202510
030109001713202510
030109002503202510
030109002509202510
030109002513202510
030116002303202510
030116002307202510
030301001003202510
030301001007202510
030301002903202510
030301002907202510
030301003703202510
030301003707202510
030301004503202510
030301004507202510
030301005303202510
030301005307202510
030301006103202510
030301006107202510
030301007003202510
030301007007202510
030301008803202510
030301008807202510
030301009603202510
030301009607202510
030301010003202510
030301010007202510
030301011803202510
030301011807202510
030301012603202510
030301012607202510
030301013403202510
030301013407202510
030301014203202510
030301014207202510
030301015003202510
030301015007202510
030301016903202510
030301016907202510
030301017703202510
030301017707202510
030301018503202510
030301018507202510
030301019303202510
030301019307202510
030301020703202510
030301020707202510
030301021503202510
030301021506202510
030301021507202510
030302003203202510
030302003207202510
030302004003202510
030302004007202510
030302005903202510
030302005907202510
030302006703202510
030302006707202510
030302007503202510
030302007507202510
030302008303202510
030302008307202510
030303001107202510
030303001111202510
030303002003202510
030303002007202510
030303003803202510
030303003807202510
030303004603202510
030303004607202510
030303005403202510
030303005407202510
030303006203202510
030303006207202510
030304001703202510
030304001707202510
030304002503202510
030304002507202510
030304003303202510
030304003307202510
030304004103202510
030304004107202510
030304005003202510
030304005007202510
030304006803202510
030304006807202510
030304007603202510
030304007607202510
030304008401202510
030304008403202510
030304008407202510
030304009201202510
030304009203202510
030304009207202510
030304010603202510
030304010607202510
030304011401202510
030304011403202510
030304011407202510
030304012201202510
030304012203202510
030304012207202510
030304013003202510
030304013007202510
030304014903202510
030304014907202510
030304015703202510
030304015707202510
030304016503202510
030304016507202510
030304017303202510
030304017307202510
030304018103202510
030304019003202510
030304019007202510
030304020303202510
030304020307202510
030304021103202510
030304021107202510
030304022003202510
030304022007202510
030304023803202510
030304023807202510
030304024603202510
030304024607202510
030304025403202510
030304025407202510
030304026203202510
030304026207202510
030304027003202510
030304027007202510
030304028903202510
030304029703202510
030304029707202510
030304030003202510
030305013603202510
030305013607202510
030305014403202510
030305014407202510
030306001803202510
030306001807202510
030306002603202510
030306002607202510
030306003403202510
030306003407202510
030306004203202510
030306004207202510
030306005003202510
030306005007202510
030306006903202510
030306006907202510
030306007703202510
030306007707202510
030306008503202510
030306008507202510
030306009303202510
030306009307202510
030306010703202510
030306010707202510
030306011503202510
030306011507202510
030306012303202510
030306012307202510
030306013103202510
030306013107202510
030306014003202510
030306014007202510
030306015803202510
030306015807202510
030306016603202510
030306016607202510
030306017403202510
030306017407202510
030306018203202510
030306018207202510
030306019003202510
030306019007202510
030306020403202510
030306020407202510
030306021203202510
030306021207202510
030306022001202510
030306022003202510
030306022007202510
030306023903202510
030306023907202510
030306024703202510
030306024707202510
030306025503202510
030306025507202510
030306026303202510
030306026307202510
030306027103202510
030306027107202510
030306028003202510
030306028007202510
030306029803202510
030306029807202510
030306030103202510
030306030107202510
030307006403202510
030307006407202510
030307007203202510
030307007207202510
030307008003202510
030307008007202510
030307009903202510
030307009907202510
030307010203202510
030307010207202510
030307011003202510
030307011007202510
030307012903202510
030307012907202510
030307013701202510
030308004303202510
030308004307202510
030308005103202510
030308005107202510
030308006003202510
030308006007202510
030308007803202510
030308007807202510
030308008603202510
030308008607202510
030308009403202510
030308009407202510
030309013803202510
030309013807202510
030309013809202510
030309019703202510
030309019707202510
030309019709202510
030309023503202510
030309023507202510
030309023509202510
030309031603202510
030309031607202510
030310001002202510
030310001003202510
030310001007202510
030310002802202510
030310002803202510
030310002807202510
030310003602202510
030310003603202510
030310003607202510
030310004402202510
030310004403202510
030310004407202510
030310005202202510
030310005203202510
030310005207202510
030311001503202510
030311001507202510
030311002303202510
030311002307202510
030311003103202510
030311003107202510
030311004003202510
030311004007202510
030311005803202510
030311005807202510
030311006603202510
030311006607202510
030311007403202510
030311007407202510
030311008203202510
030311008207202510
030311009003202510
030311009007202510
030311010403202510
030311010407202510
030311011203202510
030311011207202510
030313001604202510
030313002404202510
030313003204202510
030313004004202510
030313005904202510
030313006704202510
030313007504202510
030313008304202510
030314002003202510
030314002007202510
030314003803202510
030314003807202510
030314004603202510
030314004607202510
030314005403202510
030314005407202510
030314006203202510
030314006207202510
030314007003202510
030314007007202510
030314008903202510
030314008907202510
030314009703202510
030314009707202510
030314010003202510
030314010007202510
030314011903202510
030314011907202510
030314012703202510
030314012707202510
030314013503202510
030314013507202510
030314014303202510
030314014307202510
030314015103202510
030314015107202510
030315001703202510
030315001707202510
030315002503202510
030315002507202510
030315003303202510
030315003307202510
030315004103202510
030315004107202510
030315005003202510
030315005007202510
030315006803202510
030315006807202510
030316001207202510
030316002007202510
030316003907202510
030316004707202510
030316005507202510
030316006307202510
030316007107202510
030317009305202510
030317009307202510
030317010707202510
030317010714202510
030317013102202510
030317013103202510
030317013105202510
030317013107202510
030317013187202510
030317014002202510
030317014003202510
030317014005202510
030317014007202510
030317014087202510
030317015802202510
030317015803202510
030317015805202510
030317015807202510
030317015887202510
030317016602202510
030317016603202510
030317016605202510
030317016607202510
030317016687202510
030317017402202510
030317017403202510
030317017405202510
030317017407202510
030317017487202510
030317018202202510
030317018203202510
030317018205202510
030317018207202510
030317018287202510
030317019005202510
030317019007202510
030317020405202510
030317020407202510
030318001303202510
030318001307202510
030318003003202510
030318003007202510
030318004803202510
030318004807202510
030318005603202510
030318005607202510
030318006403202510
030318006407202510
030318007207202510
030318007210202510
030319001903202510
030319001907202510
030319001908202510
030401011103202510
030401011107202510
030401035903202510
030401035907202510
030401049903202510
030401049907202510
030401059603202510
030401059607202510
030408002003202510
030408002007202510
030408003903202510
030408003907202510
030408003909202510
030408004703202510
030408006303202510
030409001803202510
030409001807202510
030409002603202510
030409002607202510
030409003403202510
030409003407202510
030409004203202510
030409004207202510
030410001303202510
030410001307202510
030410001309202510
030410002103202510
030410002107202510
030501017403202510
030501017407202510
030502001303202510
030502001307202510
030502002103202510
030502002107202510
030502003003202510
030502003007202510
030502004803202510
030502004807202510
030502005603202510
030502005607202510
030701005801202510
030701005803202510
030701005807202510
030701005809202510
030702003701202510
030702003703202510
030702003707202510
030702003709202510
030702004501202510
030702004503202510
030702004507202510
030702004509202510
030702005301202510
030702005303202510
030702005307202510
030702005309202510
030702006101202510
030702006103202510
030702006107202510
030702006109202510
030702008801202510
030702008803202510
030702008807202510
030702008809202510
030702009601202510
030702009603202510
030702009607202510
030702009609202510
030702010001202510
030702010003202510
030702010007202510
030702010009202510
030702011801202510
030702011803202510
030702011807202510
030702011809202510
030703003201202510
030703003203202510
030703003207202510
030703003209202510
030704001101202510
030704001103202510
030704001107202510
030704001109202510
030704006201202510
030704006203202510
030704006207202510
030704006209202510
030704008901202510
030704008903202510
030704008907202510
030704008909202510
030801001901202510
030801001903202510
030801001907202510
030801002703202510
030801002707202510
030801003501202510
030801003503202510
030801003507202510
030801004301202510
030801004303202510
030801004307202510
030802002203202510
030802002207202510
030802003003202510
030802003007202510
030803001003202510
030803001007202510
030803002803202510
030803002807202510
030803003601202510
030803003603202510
030803003607202510
030803003683202510
030804001501202510
030804001503202510
030804001507202510
030804002303202510
030804002307202510
030901003901202510
030901003903202510
030901003907202510
030908001007202510
031001003901202510
031001003902202510
031001003903202510
031001004701202510
031001004702202510
031001004703202510
031001005502202510
040102001001202510
040102001007202510
040102001009202510
040102002901202510
040102002907202510
040102002909202510
040102003701202510
040102003707202510
040102003709202510
040102004501202510
040102004507202510
040102004509202510
040102005301202510
040102005307202510
040102005309202510
040102006101202510
040102006107202510
040102006109202510
040102007001202510
040102007007202510
040102007009202510
040102008801202510
040102008807202510
040102008809202510
040102009601202510
040102009607202510
040102009609202510
040102010001202510
040102010007202510
040102010009202510
040102011801202510
040102011807202510
040102011809202510
040102012601202510
040102012607202510
040102012609202510
040102013401202510
040102013409202510
040102014201202510
040102014207202510
040102014209202510
040102015001202510
040102015007202510
040102015009202510
040102016901202510
040102016907202510
040102016909202510
040201001901202510
040201001907202510
040201002701202510
040201002707202510
040201003501202510
040201003507202510
040201003509202510
040201004301202510
040201004307202510
040201004309202510
040201005101202510
040201005107202510
040202001401202510
040202001407202510
040202002201202510
040202002207202510
040301001201202510
040301001207202510
040301002001202510
040301002007202510
040301003901202510
040301003907202510
040301004701202510
040301004707202510
040301005501202510
040301005507202510
040301006301202510
040301006307202510
040301007101202510
040301007107202510
040301008001202510
040301008007202510
040301008009202510
040301009801202510
040301009807202510
040301010101202510
040301010107202510
040301011001202510
040301011007202510
040301012801202510
040301012807202510
040301013601202510
040301013607202510
040301014401202510
040301014407202510
040301015201202510
040301015207202510
040301016001202510
040301016007202510
040301017901202510
040301017907202510
040301018701202510
040301018707202510
040301019501202510
040301019507202510
040301020901202510
040301020907202510
040301021701202510
040301021707202510
040301022501202510
040301022507202510
040301023301202510
040301023307202510
040301024101202510
040301024107202510
040301025001202510
040301025007202510
040301026801202510
040301026807202510
040301027601202510
040301027607202510
040301028401202510
040301028407202510
040301029201202510
040301029207202510
040301030601202510
040301030607202510
040301031401202510
040301031407202510
040301032201202510
040301032207202510
040301033001202510
040301033007202510
040301034901202510
040301034907202510
040301035701202510
040301035707202510
040301036501202510
040301036507202510
040301039001202510
040301039003202510
040301039007202510
040302001801202510
040302001807202510
040302002601202510
040302002607202510
040302003401202510
040302003407202510
040302004201202510
040302004207202510
040302005001202510
040302005007202510
040302006901202510
040302006907202510
040302007701202510
040302007707202510
040302007709202510
040302008501202510
040302008507202510
040302008509202510
040302009301202510
040302009307202510
040302009309202510
040302010701202510
040302010707202510
040302011501202510
040302011507202510
040302012301202510
040302012307202510
040302012309202510
040302013101202510
040302013107202510
040303001301202510
040303001307202510
040303002101202510
040303002107202510
040303003001202510
040303003007202510
040303004801202510
040303004807202510
040303005601202510
040303005607202510
040303006401202510
040303006407202510
040303008001202510
040303008007202510
040303009901202510
040303009907202510
040303010201202510
040303010207202510
040303011001202510
040303011007202510
040303012901202510
040303012907202510
040303013701202510
040303013707202510
040303014501202510
040303014507202510
040303015301202510
040303015307202510
040303016101202510
040303016107202510
040304001901202510
040304001907202510
040304002701202510
040304002707202510
040304005101202510
040304005107202510
040304006001202510
040304006007202510
040304007801202510
040304007807202510
040304008601202510
040304008607202510
040304009401202510
040304009407202510
040304010801202510
040304010807202510
040304011601202510
040304011607202510
040304012401202510
040304012407202510
040305003001202510
040305003003202510
040305003007202510
040305004901202510
040305004907202510
040305005701202510
040305006501202510
040305006507202510
040305007301202510
040305007307202510
040305009001202510
040305009007202510
040305009009202510
040305010301202510
040305010307202510
040305010309202510
040305011101202510
040305011107202510
040305012001202510
040305012007202510
040305013801202510
040305013807202510
040305014601202510
040305014607202510
040305015401202510
040305015407202510
040305016201202510
040306001001202510
040306001007202510
040306002801202510
040306002807202510
040306003601202510
040306003607202510
040306004401202510
040306004407202510
040306005201202510
040306005207202510
040306006001202510
040306006007202510
040306007901202510
040306007907202510
040306008701202510
040306008707202510
040306009501202510
040306009507202510
040307001501202510
040307004001202510
040307004007202510
040307005801202510
040307005807202510
040307008201202510
040307009001202510
040307010401202510
040307011201202510
040307012001202510
040307013901202510
040307013907202510
040307014701202510
040307014707202510
040307015501202510
040307015507202510
040307016301202510
040307016307202510
040307017101202510
040308001001202510
040308002901202510
040308003701202510
040308004501202510
040308005301202510
040308005307202510
040308006101202510
040308007001202510
040308007007202510
040308008801202510
040308008807202510
040308009601202510
040308009607202510
040308010001202510
040401001601202510
040401001605202510
040401001609202510
040401002401202510
040401002407202510
040401002409202510
040401003201202510
040401003207202510
040401003209202510
040401004001202510
040401004007202510
040401004009202510
040401005901202510
040401005907202510
040401005909202510
040401006701202510
040401006707202510
040401006709202510
040401008301202510
040401008307202510
040401008309202510
040401010501202510
040401010507202510
040401010509202510
040401011301202510
040401011307202510
040401011309202510
040401012101202510
040401012107202510
040401012109202510
040401013001202510
040401013007202510
040401013009202510
040401014801202510
040401014807202510
040401014809202510
040401016401202510
040401016407202510
040401016409202510
040401017201202510
040401017207202510
040401018001202510
040401018007202510
040401019901202510
040401019907202510
040401020201202510
040401020207202510
040401021001202510
040401021007202510
040401021009202510
040401022901202510
040401022907202510
040401022909202510
040401023701202510
040401023707202510
040401023709202510
040401028801202510
040401028807202510
040401028809202510
040401031801202510
040401031807202510
040401031809202510
040401032601202510
040401032607202510
040401032609202510
040401033401202510
040401033407202510
040401033409202510
040401035001202510
040401035007202510
040401035009202510
040401037701202510
040401037707202510
040401037709202510
040401038501202510
040401038507202510
040401038509202510
040401040701202510
040401040707202510
040401040709202510
040401041501202510
040401041507202510
040401041509202510
040401043101202510
040401043107202510
040401045801202510
040401045807202510
040401046601202510
040401046607202510
040401046609202510
040401047401202510
040401047407202510
040401047409202510
040401048201202510
040401048207202510
040401048209202510
040401049001202510
040401049007202510
040401049009202510
040401050401202510
040401050407202510
040401050409202510
040401051201202510
040401051207202510
040401051209202510
040401052001202510
040401052007202510
040401052009202510
040401053901202510
040401053907202510
040401053909202510
040401054701202510
040401054707202510
040401055501202510
040401055507202510
040401055509202510
040401056301202510
040401056309202510
040401057101202510
040401057107202510
040401058001202510
040401058007202510
040401059801202510
040401059807202510
040401060101202510
040401060107202510
040401061001202510
040401061007202510
040401062801202510
040401062807202510
040401063601202510
040401063607202510
040401064401202510
040401064407202510
040401065201202510
040401065207202510
040402001101202510
040402001107202510
040402001109202510
040402003801202510
040402003807202510
040402003809202510
040402004601202510
040402004607202510
040402004609202510
040402006201202510
040402006207202510
040402007001202510
040402007007202510
040402007009202510
040402008901202510
040402008907202510
040402008909202510
040402010001202510
040402010003202510
040402010007202510
040402010009202510
040402011901202510
040402011907202510
040402011909202510
040402013501202510
040402013507202510
040402014301202510
040402014307202510
040402014309202510
040402017801202510
040402017807202510
040402020801202510
040402020807202510
040402020809202510
040402022401202510
040402022407202510
040402023201202510
040402023207202510
040402023209202510
040402024001202510
040402024007202510
040402024009202510
040402027501202510
040402027507202510
040402029101202510
040402029107202510
040402031301202510
040402031307202510
040402031309202510
040402032101202510
040402032107202510
040402032109202510
040402034801202510
040402034807202510
040402034809202510
040402035601202510
040402035607202510
040402035609202510
040402038001202510
040402038007202510
040402039901202510
040402039907202510
040402039909202510
040402042901202510
040402042907202510
040402042909202510
040402045301202510
040402045307202510
040402045309202510
040402046101202510
040402046107202510
040402046109202510
040402047001202510
040402047007202510
040402047009202510
040402048801202510
040402048807202510
040402048809202510
040402049601202510
040402049607202510
040402050001202510
040402050007202510
040402051801202510
040402051807202510
040402051809202510
040402052601202510
040402052607202510
040402053401202510
040402053407202510
040402054201202510
040402054207202510
040402054209202510
040402055001202510
040402055007202510
040402056901202510
040402056907202510
040402056909202510
040402057701202510
040402057707202510
040402057709202510
040402058501202510
040402058507202510
040402059301202510
040402059307202510
040402060701202510
040402060707202510
040402064001202510
040402064007202510
040402064009202510
040402065801202510
040402065807202510
040402065809202510
040402066601202510
040402066607202510
040402066609202510
040402069001202510
040402069007202510
040402070401202510
040402070407202510
040402071201202510
040402071207202510
040402071209202510
040402072001202510
040402072007202510
040402073901202510
040402073907202510
040402077101202510
040402077107202510
040402077109202510
040402078001202510
040402078007202510
040402079801202510
040402079807202510
040402079809202510
040403001701202510
040403001707202510
040403001709202510
040403003301202510
040403003307202510
040403004101202510
040403004107202510
040403004109202510
040403005001202510
040403005007202510
040403005009202510
040403006801202510
040403006807202510
040403006809202510
040403007601202510
040403007607202510
040403007609202510
040403008401202510
040403008407202510
040403008409202510
040403010601202510
040403010607202510
040403010609202510
040403012201202510
040403012207202510
040403012209202510
040403013001202510
040403013007202510
040403013009202510
040403015701202510
040403015707202510
040403015709202510
040403016501202510
040403016507202510
040403016509202510
040403017301202510
040403017307202510
040403017309202510
040403019001202510
040403019007202510
040403019009202510
040403022001202510
040403022007202510
040403022009202510
040403024601202510
040403024607202510
040403024609202510
040403025401202510
040403025407202510
040403025409202510
040403026201202510
040403026207202510
040403026209202510
040403027001202510
040403027007202510
040403027009202510
040403028901202510
040403028907202510
040403029701202510
040403029707202510
040403030001202510
040403030007202510
040403031901202510
040403031907202510
040403031909202510
040403032701202510
040403032707202510
040501001001202510
040501001007202510
040501001009202510
040501002801202510
040501002807202510
040501002809202510
040501003601202510
040501003607202510
040501003609202510
040501007901202510
040501007907202510
040501007909202510
040501008701202510
040501008707202510
040501008709202510
040501011701202510
040501011707202510
040501011709202510
040501012501202510
040501012507202510
040501012509202510
040501013301202510
040501013307202510
040501013309202510
040501015001202510
040501015007202510
040501015009202510
040501017601202510
040501017607202510
040501017609202510
040502001501202510
040502001507202510
040502001509202510
040502002301202510
040502002307202510
040502002309202510
040503001001202510
040503001007202510
040503001009202510
040503002901202510
040503002907202510
040503002909202510
040503007001202510
040503007007202510
040503007009202510
040503009601202510
040503009607202510
040503009609202510
040503011801202510
040503011807202510
040503011809202510
040503013401202510
040503013407202510
040503013409202510
040503014201202510
040503014207202510
040503014209202510
040503016901202510
040503016907202510
040503016909202510
040503017701202510
040503017707202510
040503017709202510
040503018501202510
040503018507202510
040503019301202510
040503019307202510
040503020701202510
040503020707202510
040503020709202510
040504001601202510
040504001607202510
040504001609202510
040504002401202510
040504002407202510
040504002409202510
040504004001202510
040504004007202510
040504004009202510
040504005901202510
040504005907202510
040504005909202510
040504006701202510
040504006707202510
040504006709202510
040504007501202510
040504007507202510
040504007509202510
040504008301202510
040504008307202510
040504008309202510
040504009101202510
040504009107202510
040504009109202510
040504010501202510
040504010507202510
040504010509202510
040504014801202510
040504014807202510
040504014809202510
040504015601202510
040504015607202510
040504015609202510
040504016401202510
040504016407202510
040504016409202510
040504018001202510
040504018007202510
040504020201202510
040504020207202510
040504020209202510
040504021001202510
040504021007202510
040504021009202510
040505001101202510
040505001107202510
040505001109202510
040505004601202510
040505004607202510
040505004609202510
040505005401202510
040505005407202510
040505005409202510
040505009701202510
040505009707202510
040505009709202510
040505010001202510
040505010007202510
040505010009202510
040505011901202510
040505011907202510
040505011909202510
040505013501202510
040505013507202510
040505013509202510
040505014301202510
040505014307202510
040505014309202510
040505015101202510
040505015107202510
040505015109202510
040505018601202510
040505018607202510
040505018609202510
040505021601202510
040505021607202510
040505021609202510
040505022401202510
040505022407202510
040505022409202510
040505023201202510
040505023207202510
040505023209202510
040505031301202510
040505031307202510
040505031309202510
040505032101202510
040505032107202510
040505032109202510
040505035601202510
040505035607202510
040505035609202510
040505037201202510
040505037207202510
040505037209202510
040505038001202510
040505038007202510
040505038009202510
040505039901202510
040505039907202510
040505039909202510
040505040201202510
040505040209202510
040601001301202510
040601001307202510
040601002101202510
040601003001202510
040601004801202510
040601005601202510
040601006401202510
040601007201202510
040601007207202510
040601008001202510
040601009901202510
040601010201202510
040601010207202510
040601011001202510
040601011007202510
040601013701202510
040601013707202510
040601015301202510
040601015307202510
040601016101202510
040601017001202510
040601017007202510
040601018801202510
040601019601202510
040601019607202510
040601020001202510
040601020007202510
040601021801202510
040601021807202510
040601022601202510
040601022607202510
040601023401202510
040601024201202510
040601025001202510
040601025007202510
040601026901202510
040601026907202510
040601027701202510
040601027707202510
040601028501202510
040601028507202510
040601029301202510
040601030701202510
040601031501202510
040601032301202510
040601033101202510
040601033107202510
040601034001202510
040601035801202510
040601036601202510
040601036607202510
040601037401202510
040601037407202510
040601038201202510
040601039001202510
040601039007202510
040601040401202510
040601041201202510
040601041207202510
040601042001202510
040601042007202510
040601043901202510
040601044701202510
040601044707202510
040601045501202510
040601046301202510
040601046307202510
040601047101202510
040601047107202510
040601048001202510
040601049801202510
040601049807202510
040601050101202510
040601051001202510
040601051007202510
040601052801202510
040601052807202510
040601053601202510
040601054401202510
040601055201202510
040601056001202510
040601056007202510
040601056009202510
040601057901202510
040601058701202510
040601058709202510
040601059501202510
040601060901202510
040601061701202510
040601062501202510
040601063301202510
040601063309202510
040601064101202510
040601064107202510
040601064109202510
040601065001202510
040601065009202510
040601066801202510
040601066807202510
040601066809202510
040601067601202510
040601067607202510
040601067609202510
040601068401202510
040601068407202510
040601068409202510
040601069201202510
040601069207202510
040601070601202510
040601071401202510
040601071407202510
040601071409202510
040601073001202510
040601075701202510
040601075707202510
040601076501202510
040601076507202510
040601077301202510
040601077307202510
040601078101202510
040601078107202510
040601079001202510
040601079009202510
040601080301202510
040601080307202510
040601081101202510
040601082001202510
040601082007202510
040601083801202510
040601084601202510
040601085401202510
040601085409202510
040601086201202510
040601086209202510
040601087001202510
040601087009202510
040601088901202510
040601089701202510
040601090001202510
040601090007202510
040601091901202510
040601091907202510
040601091909202510
040601092701202510
040601093501202510
040601094301202510
040601095101202510
040601096001202510
040601096003202510
040601096007202510
040601097801202510
040601097803202510
040601097807202510
040601098601202510
040601099401202510
040601100101202510
040601100109202510
040601101001202510
040601101009202510
040601102801202510
040601102809202510
040601103601202510
040601103609202510
040601104401202510
040601104407202510
040601104409202510
040601105201202510
040601105209202510
040601107901202510
040601108701202510
040601108709202510
040601109501202510
040601109509202510
040601110901202510
040601110909202510
040601111701202510
040601111709202510
040601112501202510
040601112509202510
040601113301202510
040601113307202510
040601113309202510
040601114101202510
040601114109202510
040601115001202510
040601115007202510
040601115009202510
040601116801202510
040601116809202510
040601117601202510
040601117609202510
040601118401202510
040601118409202510
040601119201202510
040601119209202510
040601120601202510
040601121401202510
040601121407202510
040601122201202510
040601122207202510
040601123001202510
040601124901202510
040601125701202510
040601126501202510
040601126507202510
040601127301202510
040601127307202510
040601128101202510
040601128107202510
040601129001202510
040601129007202510
040601130301202510
040601130307202510
040601131101202510
040601131107202510
040601132001202510
040601132007202510
040601133801202510
040601133807202510
040601134601202510
040601134607202510
040601135401202510
040601135407202510
040601136201202510
040601136207202510
040601137001202510
040601137007202510
040601138901202510
040601138907202510
040601139701202510
040601139707202510
040601140001202510
040601140007202510
040601141901202510
040601141907202510
040601142701202510
040601142707202510
040601143501202510
040601143507202510
040601144301202510
040601144307202510
040601145101202510
040601145107202510
040601146001202510
040601146007202510
040601147801202510
040601147807202510
040601148601202510
040601148607202510
040601149401202510
040601149407202510
040601150801202510
040601150807202510
040601151601202510
040601151607202510
040602001901202510
040602001907202510
040602002701202510
040602002707202510
040602003501202510
040602003507202510
040602004301202510
040602004307202510
040602005101202510
040602005107202510
040602007801202510
040602007807202510
040602007809202510
040602010801202510
040602011601202510
040602011607202510
040602011609202510
040602012401202510
040602012407202510
040602015901202510
040602015907202510
040602015909202510
040602016701202510
040602016707202510
040602016709202510
040602019101202510
040602019107202510
040602021301202510
040602022101202510
040602023001202510
040602024801202510
040602024807202510
040602025601202510
040602025607202510
040602026401202510
040602026407202510
040602027201202510
040602027207202510
040602028001202510
040602028007202510
040602030201202510
040602030207202510
040602031001202510
040602031007202510
040602032901202510
040602032907202510
040602033701202510
040602033707202510
040602034501202510
040602034507202510
040602035301202510
040602035307202510
040602036101202510
040602036107202510
040602037001202510
040602037007202510
040602038801202510
040602038807202510
040602039601202510
040602039607202510
040602040001202510
040602040007202510
040602041801202510
040602041807202510
040602042601202510
040602042607202510
040602043401202510
040602043407202510
040602044201202510
040602044207202510
040602045001202510
040602046901202510
040602046907202510
040602047701202510
040602047707202510
040602048501202510
040602048507202510
040602049301202510
040602049307202510
040602050701202510
040602050707202510
040602051501202510
040602051507202510
040602052301202510
040602053101202510
040602053107202510
040602054001202510
040602054007202510
040602055801202510
040602055807202510
040602056601202510
040602056607202510
040602056609202510
040602057401202510
040602057407202510
040602057409202510
040602058201202510
040602058207202510
040602059001202510
040602059007202510
040602060401202510
040602060407202510
040602060409202510
040602062001202510
040602062003202510
040602062007202510
040602062009202510
040603001401202510
040603002201202510
040603003001202510
040603004901202510
040603005701202510
040603005707202510
040603006501202510
040603007301202510
040603008101202510
040603008107202510
040603009001202510
040603009007202510
040603010301202510
040603010307202510
040603011101202510
040603011107202510
040603012001202510
040603012007202510
040603013801202510
040603013807202510
040603014601202510
040603014607202510
040603015401202510
040603015407202510
040603016201202510
040604001001202510
040604001007202510
040604002801202510
040604002807202510
040604004401202510
040604004407202510
040604005201202510
040604005207202510
040604006001202510
040604006007202510
040604007901202510
040604007907202510
040604008701202510
040604009501202510
040604010901202510
040604010907202510
040604011701202510
040604011707202510
040604012501202510
040604012507202510
040604013301202510
040604014101202510
040604014107202510
040604015001202510
040604016801202510
040604017601202510
040604018401202510
040604019201202510
040604019207202510
040604020601202510
040604020607202510
040604020609202510
040604021401202510
040604021407202510
040604022201202510
040604022207202510
040604023001202510
040604023007202510
040604024901202510
040604024907202510
040604025701202510
040604025707202510
040604025709202510
040604026501202510
040604026507202510
040604027301202510
040604027307202510
040604027309202510
040604028101202510
040604029001202510
040604029007202510
040604029009202510
040604030301202510
040604030307202510
040604030309202510
040604031101202510
040604031107202510
040604031109202510
040604032001202510
040604032007202510
040604033801202510
040604033807202510
040605001501202510
040605001507202510
040605001509202510
040605002301202510
040605002307202510
040605002309202510
040605003101202510
040605003107202510
040605003109202510
040605004001202510
040605004007202510
040605004009202510
040605005801202510
040605005807202510
040605005809202510
040605006601202510
040605006607202510
040605006609202510
040605007401202510
040605007407202510
040605007409202510
040605008201202510
040605008207202510
040605008209202510
040605009001202510
040605009007202510
040605010401202510
040605010407202510
040605011201202510
040605012001202510
040605012007202510
040605012009202510
040605013901202510
040605013907202510
040605013909202510
040701001701202510
040701001707202510
040701003301202510
040701003307202510
040701004101202510
040701005001202510
040701005007202510
040701006801202510
040701006807202510
040701007601202510
040701008401202510
040701008407202510
040701009201202510
040701009207202510
040701010601202510
040701010607202510
040701011401202510
040701011407202510
040701012201202510
040701013001202510
040701014901202510
040701015701202510
040701015707202510
040701016501202510
040701016507202510
040701017301202510
040701018101202510
040701019001202510
040701019007202510
040701020301202510
040701020307202510
040701021101202510
040701021107202510
040701021109202510
040701022001202510
040701022007202510
040701022009202510
040701023801202510
040701023807202510
040701027001202510
040701027007202510
040701028901202510
040701029701202510
040701029707202510
040701030001202510
040701033501202510
040701033507202510
040701034301202510
040701034307202510
040701035101202510
040701035107202510
040701036001202510
040701037801202510
040701038601202510
040702001201202510
040702002001202510
040702003901202510
040702003907202510
040702004701202510
040702004707202510
040702006301202510
040702006307202510
040702007101202510
040702007107202510
040702008001202510
040702008007202510
040702009801202510
040702009807202510
040702010101202510
040702010107202510
040702011001202510
040702011007202510
040702011009202510
040702013601202510
040702013607202510
040702013609202510
040702014401202510
040702014407202510
040702014409202510
040702015201202510
040702015207202510
040702017901202510
040702017907202510
040702018701202510
040702018707202510
040702019501202510
040702019507202510
040702020901202510
040702020907202510
040702021701202510
040702021709202510
040702022501202510
040702022507202510
040702022509202510
040702023301202510
040702023307202510
040702024101202510
040702024107202510
040702025001202510
040702025007202510
040702026801202510
040702026807202510
040702026809202510
040702027601202510
040702027607202510
040702027609202510
040702028401202510
040702028407202510
040702028409202510
040702029201202510
040702029207202510
040702030601202510
040702030607202510
040702032201202510
040702032207202510
040702032209202510
040702033001202510
040702034901202510
040702035701202510
040702036501202510
040702036507202510
040702038101202510
040702038107202510
040702040301202510
040702040307202510
040702041101202510
040702041107202510
040702042001202510
040702042007202510
040702043801202510
040702043807202510
040702044601202510
040702044607202510
040702045401202510
040702045407202510
040702045409202510
040702046201202510
040702046207202510
040702047001202510
040702047007202510
040702047009202510
040703001801202510
040703001807202510
040703002601202510
040703002607202510
040703003401202510
040703003407202510
040703003409202510
040703004201202510
040703004207202510
040703005001202510
040703005007202510
040703006901202510
040703006907202510
040703007701202510
040703007707202510
040703007709202510
040703012301202510
040703012307202510
040703013101202510
040703013107202510
040703014001202510
040703014007202510
040703015801202510
040703015807202510
040703016601202510
040703016607202510
040703017401202510
040703017407202510
040703018201202510
040703018207202510
040703019001202510
040703019007202510
040703020401202510
040703021201202510
040703022001202510
040703024701202510
040703025501202510
040703025507202510
040704001301202510
040704001307202510
040704002101202510
040704002107202510
040704003001202510
040704003007202510
040704004801202510
040704004807202510
040704005601202510
040704005607202510
040704006401202510
040704006407202510
040704006409202510
040704007201202510
040704007207202510
040704007209202510
040704008001202510
040704008007202510
040704008009202510
040704009901202510
040704009907202510
040704009909202510
040704010201202510
040704010207202510
040704010209202510
040704011001202510
040704011007202510
040704011009202510
040704012901202510
040704012907202510
040704012909202510
040704013701202510
040704013707202510
040704013709202510
040704014501202510
040704014507202510
040704014509202510
040704015301202510
040704015307202510
040704015309202510
040704016101202510
040704016107202510
040704017001202510
040704017007202510
040704017009202510
040704018801202510
040704018807202510
040704020001202510
040704020007202510
040704022601202510
040704022607202510
040704022609202510
040704023401202510
040704023407202510
040704024201202510
040704024207202510
040704025001202510
040704025007202510
040704026901202510
040704026907202510
040801001001202510
040801001007202510
040801002901202510
040801002907202510
040801003701202510
040801003707202510
040801004501202510
040801005301202510
040801006101202510
040801007001202510
040801007007202510
040801008801202510
040801008807202510
040801009601202510
040801009607202510
040801009609202510
040801010001202510
040801010007202510
040801010009202510
040801011801202510
040801011807202510
040801011809202510
040801013401202510
040801013407202510
040801013409202510
040801014201202510
040801014207202510
040801014209202510
040801015001202510
040801015007202510
040801015009202510
040801016901202510
040801016907202510
040801017701202510
040801017707202510
040801018501202510
040801018507202510
040801018509202510
040801019301202510
040801019307202510
040801020701202510
040801020707202510
040801020709202510
040801021501202510
040801021509202510
040801022301202510
040801022307202510
040801022309202510
040801023101202510
040801023109202510
040802001601202510
040802001607202510
040802002401202510
040802002407202510
040802003201202510
040802003207202510
040802004001202510
040802005901202510
040802006701202510
040802007501202510
040802008301202510
040802009101202510
040802010501202510
040802010507202510
040802010509202510
040802011301202510
040802011307202510
040802012101202510
040802012107202510
040802012109202510
040802013001202510
040802013007202510
040802014801202510
040802014807202510
040802014809202510
040802015601202510
040802015607202510
040802016401202510
040802016407202510
040802016409202510
040802017201202510
040802017207202510
040802017209202510
040802018001202510
040802018007202510
040802018009202510
040802019901202510
040802019907202510
040802019909202510
040802020201202510
040802020207202510
040802020209202510
040802021001202510
040802021007202510
040802022901202510
040802022907202510
040802022909202510
040802024501202510
040802024507202510
040802024509202510
040802025301202510
040802025307202510
040802026101202510
040802026107202510
040802027001202510
040802027007202510
040802028801202510
040802028807202510
040802029601202510
040802029607202510
040802029609202510
040802030001202510
040802030007202510
040802030009202510
040802031801202510
040802031807202510
040802031809202510
040802032601202510
040802032607202510
040802032609202510
040802033401202510
040802033407202510
040802034201202510
040802034207202510
040802034209202510
040802035001202510
040802035007202510
040802036901202510
040802036907202510
040802037701202510
040802037707202510
040802037709202510
040802038501202510
040802038507202510
040802039301202510
040802039307202510
040802040701202510
040802040707202510
040802041501202510
040802041507202510
040802042301202510
040802042307202510
040802043101202510
040802043107202510
040802044001202510
040802044007202510
040802044009202510
040802045801202510
040802045807202510
040802046601202510
040802046607202510
040802047401202510
040802047407202510
040802047409202510
040802048201202510
040802048207202510
040802048209202510
040802049001202510
040802049007202510
040802049009202510
040802050401202510
040802050407202510
040802050409202510
040802051201202510
040802051207202510
040802051209202510
040802052001202510
040802052007202510
040802052009202510
040802053901202510
040802053907202510
040802053909202510
040802054701202510
040802054707202510
040802055501202510
040802055507202510
040802055509202510
040802056301202510
040802056307202510
040802057101202510
040802057107202510
040802058001202510
040802058007202510
040802059801202510
040802059807202510
040802059809202510
040802060101202510
040802060107202510
040802060109202510
040802061001202510
040802061007202510
040802061009202510
040802062801202510
040802062807202510
040802062809202510
040802063601202510
040802063607202510
040802063609202510
040802064401202510
040802064407202510
040802064409202510
040803001101202510
040803001107202510
040803002001202510
040803002007202510
040803003801202510
040803003807202510
040803004601202510
040803005401202510
040803005407202510
040803006201202510
040803006207202510
040803007001202510
040803007007202510
040803008901202510
040803008907202510
040803009701202510
040803009707202510
040803010001202510
040803010007202510
040803011901202510
040803011907202510
040803012701202510
040803012707202510
040803013501202510
040803014301202510
040803015101202510
040803016001202510
040803017801202510
040803017807202510
040803018601202510
040803019401202510
040803020801202510
040803021601202510
040803022401202510
040803023201202510
040803023207202510
040803024001202510
040803024007202510
040803025901202510
040803025907202510
040803026701202510
040803026707202510
040803027501202510
040803027507202510
040803028301202510
040803028307202510
040803029101202510
040803029107202510
040803030501202510
040803030507202510
040803031301202510
040803031307202510
040803032101202510
040803032107202510
040803033001202510
040803033007202510
040803034801202510
040803034807202510
040803035601202510
040803036401202510
040803036407202510
040803037201202510
040803037207202510
040803038001202510
040803038007202510
040803039901202510
040803039907202510
040803040201202510
040803040207202510
040803041001202510
040803041007202510
040803042901202510
040803042907202510
040803043701202510
040803043707202510
040803044501202510
040803044507202510
040803045301202510
040803045307202510
040803046101202510
040803046107202510
040803047001202510
040803047007202510
040803050001202510
040803050007202510
040803051801202510
040803051807202510
040803052601202510
040803052607202510
040803053401202510
040803053407202510
040803054201202510
040803054207202510
040803055001202510
040803055007202510
040803056901202510
040803056907202510
040803057701202510
040803057707202510
040803058501202510
040803058507202510
040803059301202510
040803059307202510
040803060701202510
040803060707202510
040803061501202510
040803061507202510
040803062301202510
040803062307202510
040803063101202510
040803063107202510
040803064001202510
040803064007202510
040803065801202510
040803065807202510
040803066601202510
040803066607202510
040803067401202510
040803067407202510
040803068201202510
040803068207202510
040803069001202510
040803069007202510
040803070401202510
040803071201202510
040803071207202510
040803072001202510
040803072007202510
040803073901202510
040803073907202510
040803074701202510
040803074707202510
040803075501202510
040803075507202510
040803075509202510
040803076301202510
040803076307202510
040803077101202510
040803077107202510
040803078001202510
040803079801202510
040803080101202510
040803080107202510
040803081001202510
040803081007202510
040803082801202510
040803082807202510
040803083601202510
040803083607202510
040803084401202510
040803084407202510
040803085201202510
040803085207202510
040803086001202510
040803086007202510
040803087901202510
040803087907202510
040803088701202510
040803088707202510
040803089501202510
040803089507202510
040803090901202510
040803090907202510
040803091701202510
040803091707202510
040804001701202510
040804001707202510
040804002501202510
040804002507202510
040804003301202510
040804003307202510
040804004101202510
040804004107202510
040804005001202510
040804006801202510
040804007601202510
040804008401202510
040804009201202510
040804010601202510
040804010607202510
040804011401202510
040804011407202510
040804012201202510
040804012207202510
040804013001202510
040804013007202510
040804014901202510
040804014907202510
040804015701202510
040804015707202510
040804016501202510
040804016507202510
040804017301202510
040804017307202510
040804018101202510
040804018107202510
040804018109202510
040804019001202510
040804019007202510
040804019009202510
040804020301202510
040804020307202510
040804022001202510
040804022007202510
040804023801202510
040804023807202510
040804024601202510
040804024607202510
040804025401202510
040804025407202510
040804026201202510
040804026207202510
040804027001202510
040804027007202510
040804028901202510
040804028907202510
040804029701202510
040804029707202510
040804030001202510
040804030007202510
040804031901202510
040804031907202510
040804032701202510
040804032707202510
040804033501202510
040804033507202510
040804034301202510
040804034307202510
040805001201202510
040805001207202510
040805002001202510
040805002007202510
040805003901202510
040805003907202510
040805004701202510
040805004707202510
040805005501202510
040805006301202510
040805007101202510
040805008001202510
040805008007202510
040805010101202510
040805010107202510
040805011001202510
040805011007202510
040805012801202510
040805012807202510
040805013601202510
040805013607202510
040805014401202510
040805014407202510
040805014409202510
040805015201202510
040805015207202510
040805016001202510
040805016007202510
040805016009202510
040805017901202510
040805017907202510
040805019501202510
040805019507202510
040805019509202510
040805020901202510
040805020907202510
040805020909202510
040805021701202510
040805021707202510
040805021709202510
040805022501202510
040805022507202510
040805022509202510
040805023301202510
040805023307202510
040805024101202510
040805024107202510
040805024109202510
040805025001202510
040805025007202510
040805025009202510
040805026801202510
040805026807202510
040805026809202510
040805027601202510
040805027607202510
040805027609202510
040805028401202510
040805028407202510
040805028409202510
040805029201202510
040805029207202510
040805029209202510
040805030601202510
040805030607202510
040805031401202510
040805031407202510
040805032201202510
040805032207202510
040805032209202510
040805033001202510
040805033007202510
040805034901202510
040805034907202510
040805034909202510
040805035701202510
040805035707202510
040805035709202510
040805036501202510
040805036507202510
040805037301202510
040805037307202510
040805037309202510
040805038101202510
040805038107202510
040805039001202510
040805039007202510
040805039009202510
040805040301202510
040805041101202510
040805041107202510
040805042001202510
040805042007202510
040805043801202510
040805043807202510
040805044601202510
040805044607202510
040805044609202510
040805045401202510
040805045407202510
040805046201202510
040805046207202510
040805047001202510
040805047007202510
040805048901202510
040805048907202510
040805049701202510
040805049707202510
040805050001202510
040805050007202510
040805051901202510
040805051907202510
040805052701202510
040805052707202510
040805053501202510
040805053507202510
040805054301202510
040805054307202510
040805055101202510
040805055107202510
040805056001202510
040805056007202510
040805057801202510
040805057807202510
040805058601202510
040805058607202510
040805059401202510
040805059407202510
040805060801202510
040805060807202510
040805061601202510
040805061607202510
040805062401202510
040805062407202510
040805063201202510
040805063207202510
040805064001202510
040805064007202510
040805064009202510
040805065901202510
040805065907202510
040805065909202510
040805066701202510
040805066709202510
040805067501202510
040805067507202510
040805068301202510
040805068307202510
040805069101202510
040805069107202510
040805069109202510
040805070501202510
040805070507202510
040805071301202510
040805071307202510
040805072101202510
040805072107202510
040805073001202510
040805073007202510
040805073009202510
040805074801202510
040805074807202510
040805074809202510
040805075601202510
040805075607202510
040805075609202510
040805076401202510
040805076407202510
040805076409202510
040805077201202510
040805077207202510
040805078001202510
040805078007202510
040805079901202510
040805079907202510
040805080201202510
040805080207202510
040805081001202510
040805081007202510
040805082901202510
040805082907202510
040805082909202510
040805083701202510
040805083707202510
040805084501202510
040805084507202510
040805085301202510
040805085307202510
040805086101202510
040805086107202510
040805087001202510
040805087007202510
040805088801202510
040805088807202510
040805088809202510
040805089601202510
040805089607202510
040805089609202510
040805090001202510
040805091801202510
040805091807202510
040805091809202510
040805092601202510
040805092607202510
040805092609202510
040806001801202510
040806001807202510
040806001809202510
040806002601202510
040806002607202510
040806003401202510
040806003407202510
040806004201202510
040806004207202510
040806004209202510
040806005001202510
040806005007202510
040806005009202510
040806006901202510
040806006907202510
040806007701202510
040806007707202510
040806008501202510
040806008507202510
040806008509202510
040806009301202510
040806009307202510
040806010701202510
040806010707202510
040806011501202510
040806011507202510
040806011509202510
040806012301202510
040806012307202510
040806012309202510
040806013101202510
040806013107202510
040806013109202510
040806014001202510
040806014007202510
040806014009202510
040806015801202510
040806015807202510
040806015809202510
040806016601202510
040806016607202510
040806017401202510
040806017407202510
040806018201202510
040806018207202510
040806019001202510
040806019007202510
040806020401202510
040806020407202510
040806020409202510
040806021201202510
040806021207202510
040806021209202510
040806023901202510
040806023907202510
040806024701202510
040806024707202510
040806025501202510
040806025507202510
040806026301202510
040806026307202510
040806027101202510
040806027107202510
040806028001202510
040806028007202510
040806029801202510
040806029807202510
040806029809202510
040806030101202510
040806030107202510
040806030109202510
040806031001202510
040806031007202510
040806031009202510
040806032801202510
040806032807202510
040806032809202510
040806033601202510
040806033607202510
040806033609202510
040806034401202510
040806034407202510
040806034409202510
040806035201202510
040806035207202510
040806035209202510
040806036001202510
040806036007202510
040806036009202510
040806037901202510
040806037907202510
040806037909202510
040806038701202510
040806038707202510
040806039501202510
040806039507202510
040806039509202510
040806040901202510
040806040907202510
040806040909202510
040806041701202510
040806041707202510
040806041709202510
040806042501202510
040806042507202510
040806042509202510
040806043301202510
040806043307202510
040806043309202510
040806044101202510
040806044107202510
040806044109202510
040806045001202510
040806045007202510
040806045009202510
040806046801202510
040806046807202510
040806046809202510
040806047601202510
040806047607202510
040806047609202510
040806048401202510
040806048407202510
040806048409202510
040806049201202510
040806049207202510
040806050601202510
040806050607202510
040806051401202510
040806051407202510
040806052201202510
040806052207202510
040806053001202510
040806053007202510
040806053009202510
040806054901202510
040806054907202510
040806054909202510
040806055701202510
040806055707202510
040806056501202510
040806056507202510
040806056509202510
040806057301202510
040806057307202510
040806057309202510
040806058101202510
040806058107202510
040806058109202510
040806059001202510
040806059007202510
040806060301202510
040806060307202510
040806060309202510
040806061101202510
040806062001202510
040806062007202510
040806063801202510
040806063807202510
040806063809202510
040806064601202510
040806064607202510
040806066201202510
040806066207202510
040806067001202510
040806067007202510
040806067009202510
040806069701202510
040806069707202510
040806070001202510
040806070007202510
040806070009202510
040901001401202510
040901001407202510
040901002201202510
040901002207202510
040901003001202510
040901003007202510
040901004901202510
040901004907202510
040901005701202510
040901005707202510
040901006501202510
040901006507202510
040901006509202510
040901007301202510
040901007307202510
040901008101202510
040901008107202510
040901009001202510
040901009007202510
040901009009202510
040901012001202510
040901012007202510
040901012009202510
040901013801202510
040901013807202510
040901014601202510
040901014607202510
040901014609202510
040901017001202510
040901017007202510
040901017009202510
040901018901202510
040901018907202510
040901019701202510
040901019707202510
040901020001202510
040901020007202510
040901021901202510
040901022701202510
040901022707202510
040901023501202510
040901023507202510
040901024301202510
040901024307202510
040901025101202510
040901025107202510
040901026001202510
040901026007202510
040901028601202510
040901028607202510
040901029401202510
040901029407202510
040901030801202510
040901030807202510
040901031601202510
040901031607202510
040901032401202510
040901032407202510
040901033201202510
040901033207202510
040901034001202510
040901034007202510
040901036701202510
040901036707202510
040901037501202510
040901037507202510
040901037509202510
040901038301202510
040901038307202510
040901038309202510
040901039101202510
040901039107202510
040901039109202510
040901040501202510
040901040507202510
040901041301202510
040901041307202510
040901043001202510
040901043007202510
040901043009202510
040901045601202510
040901045607202510
040901046401202510
040901046407202510
040901047201202510
040901047207202510
040901048001202510
040901048007202510
040901048009202510
040901049901202510
040901050201202510
040901050207202510
040901051001202510
040901051007202510
040901051009202510
040901052901202510
040901052907202510
040901053701202510
040901053707202510
040901054501202510
040901054507202510
040901055301202510
040901055307202510
040901056101202510
040901056107202510
040901057001202510
040901057007202510
040901058801202510
040901058807202510
040901059601202510
040901059607202510
040901059609202510
040902001001202510
040902001007202510
040902001009202510
040902002801202510
040902002807202510
040902002809202510
040902004401202510
040902004407202510
040902004409202510
040902005201202510
040902005207202510
040902007901202510
040902007907202510
040902007909202510
040902008701202510
040902008707202510
040902008709202510
040902009501202510
040902009507202510
040902009509202510
040902010901202510
040902010907202510
040902010909202510
040902012501202510
040902012507202510
040902012509202510
040902013301202510
040902013307202510
040902013309202510
040902014101202510
040902014107202510
040902014109202510
040902015001202510
040902015007202510
040902015009202510
040902016801202510
040902016807202510
040902016809202510
040902017601202510
040902017607202510
040902017609202510
040903001501202510
040903001509202510
040903002301202510
040903003101202510
040903004001202510
040904001001202510
040904001007202510
040904001009202510
040904003701202510
040904003707202510
040904003709202510
040904004501202510
040904004507202510
040904005301202510
040904005307202510
040904005309202510
040904007001202510
040904007007202510
040904007009202510
040904008801202510
040904008807202510
040904008809202510
040904009601202510
040904009607202510
040904009609202510
040904011801202510
040904011807202510
040904011809202510
040904012601202510
040904012607202510
040904012609202510
040904013401202510
040904013407202510
040904013409202510
040904014201202510
040904014209202510
040904015001202510
040904015007202510
040904015009202510
040904016901202510
040904016907202510
040904016909202510
040904017701202510
040904017707202510
040904017709202510
040904018501202510
040904018507202510
040904018509202510
040904019301202510
040904019307202510
040904019309202510
040904020701202510
040904020707202510
040904020709202510
040904021501202510
040904021507202510
040904021509202510
040904022301202510
040904022309202510
040904023101202510
040904023107202510
040904023109202510
040904024001202510
040904024009202510
040905001601202510
040905001607202510
040905002401202510
040905002407202510
040905002409202510
040905003201202510
040905003209202510
040905004001202510
040905004007202510
040905004009202510
040905007501202510
040905007507202510
040905007509202510
040905008301202510
040905008307202510
040905008309202510
040905009101202510
040905009107202510
040905009109202510
040905010501202510
040905010507202510
040905010509202510
040905011301202510
040905011307202510
040905011309202510
040905013001202510
040905014801202510
040905016401202510
040906001101202510
040906001102202510
040906001107202510
040906001109202510
040906002001202510
040906003801202510
040906003809202510
040906004601202510
040906004607202510
040906004609202510
040906005401202510
040906005402202510
040906005409202510
040906007001202510
040906007002202510
040906007009202510
040906010001202510
040906010007202510
040906011901202510
040906011907202510
040906012701202510
040906012707202510
040906013501202510
040906013507202510
040906014301202510
040906014307202510
040906015101202510
040906015107202510
040906016001202510
040906016007202510
040906017801202510
040906017807202510
040906017809202510
040906018601202510
040906018609202510
040906019401202510
040906019407202510
040906019409202510
040906020801202510
040906020807202510
040906020809202510
040906021601202510
040906021607202510
040906021609202510
040906022401202510
040906022407202510
040906022409202510
040906023201202510
040906023202202510
040906023207202510
040906023209202510
040906024001202510
040906024002202510
040906024007202510
040906024009202510
040906025901202510
040906025902202510
040906025907202510
040906025909202510
040906026701202510
040906026702202510
040906026707202510
040906026709202510
040906027501202510
040906027507202510
040906027509202510
040906028301202510
040906028307202510
040906029101202510
040906031301202510
040906031302202510
040907001701202510
040907001709202510
040907002501202510
040907002509202510
040907003301202510
040907003309202510
040907004101202510
040907004109202510
040907005001202510
040907006801202510
040907006809202510
040907007601202510
040907007609202510
040907008401202510
040907008409202510
040907009201202510
040907009207202510
040907009209202510
040907010601202510
040907010607202510
040907010609202510
040907011401202510
040907011407202510
040907013001202510
040907013007202510
040907013009202510
040907014901202510
040907014907202510
040907014909202510
040907015701202510
040907015707202510
040907015709202510
040907019001202510
040907019009202510
040907020301202510
040907021101202510
040907021107202510
040907022001202510
040907022007202510
040907022009202510
040907023801202510
040907023807202510
040907024601202510
040907024607202510
040907025401202510
040907025407202510
040907026201202510
040907026207202510
040907026209202510
040907027001202510
040907027009202510
040907028901202510
040907028907202510
040907028909202510
040907029701202510
040907030001202510
040907030009202510
040907031901202510
041001001401202510
041001001407202510
041001001409202510
041001005701202510
041001006501202510
041001006507202510
041001006509202510
041001007301202510
041001007307202510
041001007309202510
041001008101202510
041001008107202510
041001008109202510
041001009001202510
041001009009202510
041001011101202510
041001011107202510
041001011109202510
041001012001202510
041001012007202510
041001013801202510
041001014601202510
041001015401202510
041001016201202510
041001019701202510
041001020001202510
041001021901202510
041101001801202510
041101001802202510
041101001809202510
041101002601202510
041101002602202510
041101003401202510
041101003402202510
041101004201202510
041101004202202510
041101005001202510
041101005002202510
041101005009202510
041101007701202510
041101007702202510
041101007709202510
041101008501202510
041101008502202510
041102001301202510
041102001302202510
041102001309202510
041102002101202510
041102002102202510
041102002109202510
041102003001202510
041102003002202510
041102004801202510
041102004802202510
041201001101202510
041201001107202510
041201002001202510
041201002007202510
041201003801202510
041201003807202510
041201003809202510
041201004601202510
041201004607202510
041201004609202510
041201007001202510
041201007007202510
041201008901202510
041201008907202510
041201009701202510
041201009707202510
041201010001202510
041201010007202510
041201011901202510
041201011907202510
041201013501202510
041201013507202510
041201014301202510
041201014307202510
041202001701202510
041202001707202510
041202002501202510
041202002507202510
041202003301202510
041202003307202510
041202005001202510
041202005007202510
041202006801202510
041202006807202510
041202007601202510
041202007607202510
041202008401202510
041202008407202510
041203001201202510
041203001207202510
041203004701202510
041203004707202510
041203008001202510
041203008007202510
041203009801202510
041203009807202510
041203009809202510
041203010101202510
041203010107202510
041203011001202510
041203011007202510
041204001801202510
041204001807202510
041204001809202510
041204002601202510
041204002607202510
041204003401202510
041204003407202510
041204004201202510
041204004207202510
041204005001202510
041204005007202510
041204006901202510
041204006907202510
041204008501202510
041204008507202510
041204008509202510
041204010701202510
041204010707202510
041204011501202510
041204011507202510
041204012301202510
041204012307202510
041204013101202510
041204013107202510
041204015801202510
041204015807202510
041204016601202510
041204016607202510
041204017401202510
041204017407202510
041204018201202510
041204018207202510
041204019001202510
041204019007202510
041204020401202510
041204020407202510
041204021201202510
041204021207202510
041204022001202510
041204022007202510
041204022009202510
041205001301202510
041205001307202510
041205003001202510
041205003007202510
041205004801202510
041205004807202510
041205006401202510
041205006407202510
041205007201202510
041205007207202510
041205008001202510
041205008007202510
041205010201202510
041205010207202510
041205011001202510
041205011007202510
041205013701202510
041205013707202510
041205014501202510
041205014507202510
041205015301202510
041205015307202510
041205016101202510
041205016107202510
041301001501202510
041301001507202510
041301006601202510
041301008201202510
041301008207202510
041301009001202510
041301009007202510
041303001601202510
041303001607202510
041303001609202510
041303002401202510
041303002407202510
041303002409202510
041303003201202510
041303003209202510
041303005901202510
041303005907202510
041303005909202510
041303006701202510
041303006709202510
041303007501202510
041303007509202510
041303008301202510
041303008307202510
041303008309202510
041304002001202510
041304002007202510
041304003801202510
041304004601202510
041304005401202510
041304005409202510
041304006201202510
041304006209202510
041304007001202510
041304007009202510
041304008901202510
041304008909202510
041304009701202510
041304009707202510
041304010001202510
041304010007202510
041304011901202510
041304011907202510
041304011909202510
041304012701202510
041304012707202510
041304012709202510
041304013501202510
041304013507202510
041304013509202510
041304014301202510
041304014307202510
041304014309202510
041304015101202510
041304015107202510
041304015109202510
041304016001202510
041304016007202510
041304017801202510
041304017807202510
041304018601202510
041304018607202510
041304018609202510
041304019401202510
041304019407202510
041304019409202510
041304020801202510
041304020807202510
041304020809202510
041304021601202510
041304021607202510
041304021609202510
041304022401202510
041304022407202510
041304022409202510
041304023201202510
041304023207202510
041304023209202510
041304024001202510
041304024007202510
041304025901202510
041304025909202510
041304026701202510
041401002701202510
041401003501202510
041401025601202510
041401025607202510
041401025609202510
041401027201202510
041401027207202510
041401027209202510
041401032901202510
041401032907202510
041401032909202510
041401034501202510
041401034507202510
041401034509202510
041402002201202510
041402002203202510
041402002207202510
041402002209202510
041402003001202510
041402003003202510
041402003007202510
041402003009202510
041402004901202510
041402004903202510
041402004907202510
041402004909202510
041402005701202510
041402005703202510
041402005707202510
041402005709202510
041402006501202510
041402006503202510
041402006507202510
041402006509202510
041402007301202510
041402007303202510
041402007307202510
041402007309202510
041402008101202510
041402008103202510
041402008107202510
041402008109202510
041402009001202510
041402009003202510
041402009007202510
041402009009202510
041402014601202510
041402014603202510
041402014607202510
041402014609202510
041402015401202510
041402015403202510
041402015407202510
041402015409202510
041402016201202510
041402016203202510
041402016207202510
041402016209202510
041402020001202510
041402020003202510
041402020007202510
041402020009202510
041402021901202510
041402021903202510
041402021907202510
041402021909202510
041402024301202510
041402024303202510
041402024307202510
041402024309202510
041402027801202510
041402027803202510
041402027807202510
041402027809202510
041402029401202510
041402029403202510
041402029407202510
041402029409202510
041402036701202510
041402036703202510
041402036707202510
041402036709202510
041402037501202510
041402037503202510
041402037507202510
041402037509202510
041402041301202510
041402041303202510
041402041307202510
041402041309202510
041501001201202510
041501001207202510
041502001801202510
041502003401202510
041502003407202510
041502004201202510
041502004207202510
041502005001202510
041502005007202510
041502006901202510
041502006907202510
041502007701202510
041502007707202510
041502008501202510
041503001301202510
041503001307202510
041504002701202510
041504002707202510
041504003501202510
041504003507202510
041601001601202510
041601001607202510
041601002401202510
041601002407202510
041601004001202510
041601004007202510
041601007501202510
041601007507202510
041601009101202510
041601009107202510
041601011301202510
041601011307202510
041601011309202510
041601012101202510
041601013001202510
041601016401202510
041601016407202510
041601017201202510
041601017207202510
041601017209202510
041601018001202510
041601018007202510
041601019901202510
041601019907202510
041601020201202510
041601020207202510
041601021001202510
041601021007202510
041601022901202510
041601022907202510
041602002001202510
041602002007202510
041602015101202510
041602015107202510
041602016001202510
041602016007202510
041602017801202510
041602017807202510
041602017809202510
041602018601202510
041602018607202510
041602018609202510
041602019401202510
041602019407202510
041602020801202510
041602020807202510
041602021601202510
041602021607202510
041602021609202510
041602022401202510
041602022407202510
041602023201202510
041602023207202510
041602024001202510
041602024007202510
041602024009202510
041602025901202510
041602025907202510
041603002501202510
041603002507202510
041603002509202510
041603003301202510
041603003307202510
041603003309202510
041603004101202510
041603004107202510
041603004109202510
041603006801202510
041603006807202510
041603007601202510
041603008401202510
041603008407202510
041603009201202510
041603009207202510
041603014901202510
041603014907202510
041603014909202510
041603015701202510
041603015707202510
041603015709202510
041603016501202510
041603016507202510
041603017301202510
041603017307202510
041603018101202510
041603018107202510
041603019001202510
041603020301202510
041603020307202510
041603021101202510
041603021107202510
041603022001202510
041603022007202510
041603023801202510
041603023807202510
041603024601202510
041603024607202510
041603025401202510
041603026201202510
041603027001202510
041603027007202510
041603028901202510
041603029701202510
041603030001202510
041603030007202510
041603031901202510
041603031907202510
041603032701202510
041603032707202510
041603032709202510
041603033501202510
041603033507202510
041603033509202510
041603034301202510
041603034307202510
041603035101202510
041603035107202510
041603035109202510
041603036001202510
041603036007202510
041604001201202510
041604001207202510
041604002001202510
041604002007202510
041604003901202510
041604003907202510
041604004701202510
041604004707202510
041604005501202510
041604005507202510
041604007101202510
041604007107202510
041604010101202510
041604010107202510
041604011001202510
041604011007202510
041604012801202510
041604012807202510
041604014401202510
041604014407202510
041604017901202510
041604017909202510
041604018701202510
041604018709202510
041604019501202510
041604019509202510
041604020901202510
041604020907202510
041604021701202510
041604021707202510
041604022501202510
041604022507202510
041604023301202510
041604023307202510
041604024101202510
041604024107202510
041604025001202510
041604025007202510
041604026801202510
041604026807202510
041604027601202510
041604027607202510
041604028401202510
041604029201202510
041604030601202510
041604031401202510
041604031407202510
041604032201202510
041604032207202510
041604033001202510
041604033007202510
041604034901202510
041604034907202510
041605001801202510
041605001807202510
041605002601202510
041605002607202510
041605003401202510
041605003407202510
041605005001202510
041605005007202510
041605007701202510
041605007707202510
041605009301202510
041605009307202510
041605010701202510
041605010707202510
041605011501202510
041605011507202510
041605012301202510
041605012307202510
041606001301202510
041606001307202510
041606001309202510
041606002101202510
041606002107202510
041606003001202510
041606003007202510
041606005601202510
041606005607202510
041606006401202510
041606006407202510
041606008001202510
041606008007202510
041606009901202510
041606009907202510
041606010201202510
041606010207202510
041606011001202510
041606011007202510
041606012901202510
041606012907202510
041606013701202510
041606013707202510
041608001401202510
041608001407202510
041608001409202510
041608003001202510
041608003007202510
041608003009202510
041608008101202510
041608008107202510
041608009001202510
041608009007202510
041608011101202510
041608011107202510
041608012001202510
041608012007202510
041608012009202510
041609001001202510
041609001007202510
041609002801202510
041609002807202510
041609003601202510
041609003607202510
041609007901202510
041609007907202510
041609010901202510
041609010907202510
041609011701202510
041609011707202510
041609012501202510
041609012507202510
041609013301202510
041609013307202510
041611001001202510
041611001007202510
041611002901202510
041611002907202510
041611003701202510
041611003707202510
041611004501202510
041611004507202510
041611005301202510
041611005307202510
041611006101202510
041611006107202510
041611007001202510
041611007007202510
041611008801202510
041611008807202510
041612002401202510
041612003201202510
041612004001202510
041612004009202510
041612005901202510
041612005909202510
050103006901202510
050103006903202510
050103006907202510
050201001074202510
050201001075202510
050201001076202510
050201001077202510
050201001078202510
050201001079202510
050201002977202510
050201002978202510
050201002979202510
050201002980202510
050201002981202510
050201002982202510
050301001401202510
050301001403202510
050301001474202510
050301001475202510
050301001476202510
050301001477202510
050301001478202510
050301001479202510
050301001480202510
050301001481202510
050301001482202510
050301002201202510
050301002274202510
050301002275202510
050301002276202510
050301002277202510
050301002278202510
050301002279202510
050301002280202510
050301002281202510
050301002282202510
050302001001202510
050302002801202510
050303001574202510
050303001575202510
050303001576202510
050303001577202510
050303001578202510
050303001579202510
050303001580202510
050303001581202510
050303001582202510
050303002301202510
050303002374202510
050303002375202510
050303002376202510
050303002377202510
050303002378202510
050303002379202510
050303002380202510
050303002381202510
050303002382202510
050303003101202510
050303003174202510
050303003175202510
050303003176202510
050303003177202510
050303003178202510
050303003179202510
050303003180202510
050303003181202510
050303003182202510
050303004001202510
050303004074202510
050303004075202510
050303004076202510
050303004077202510
050303004078202510
050303004080202510
050303004081202510
050303004082202510
050303005801202510
050303005874202510
050303005875202510
050303005876202510
050303005877202510
050303005878202510
050303005879202510
050303005880202510
050303005881202510
050303005882202510
050303006601202510
050303006674202510
050303006675202510
050303006676202510
050303006677202510
050303006678202510
050303006679202510
050303006680202510
050303006681202510
050303006682202510
050303007401202510
050303007474202510
050303007475202510
050303007476202510
050303007477202510
050303007478202510
050303007479202510
050303007480202510
050303007481202510
050303007482202510
050303008201202510
050303008274202510
050303008275202510
050303008276202510
050303008277202510
050303008278202510
050303008279202510
050303008280202510
050303008281202510
050303008282202510
050303009001202510
050303009074202510
050303009075202510
050303009076202510
050303009077202510
050303009078202510
050303009079202510
050303009080202510
050303009081202510
050303009082202510
050303010401202510
050303010474202510
050303010475202510
050303010476202510
050303010477202510
050303010478202510
050303010479202510
050303010480202510
050303010481202510
050303010482202510
050304004574202510
050304004575202510
050304004576202510
050304004577202510
050304004578202510
050304004579202510
050304004580202510
050304004581202510
050304004582202510
050501001103202510
050501001107202510
050501002003202510
050501002007202510
050501003803202510
050501003807202510
050501004603202510
050501004607202510
050501005403202510
050501005407202510
050501006203202510
050501006207202510
050501007003202510
050501007007202510
050501008903202510
050501008907202510
050501009701202510
050501009707202510
050501009709202510
050501012701202510
050501012707202510
050501012709202510
050501013501202510
050501013507202510
050501013509202510
050501014309202510
050502004101202510
050502004107202510
050502005001202510
050502005007202510
050502006801202510
050502007601202510
050502008401202510
050502009201202510
050502010601202510
050502012201202510
050502014901202510
050602001012202510
050602002912202510
050602003712202510
050602004503202510
050602004507202510
050602004509202510
050602004512202510
050602005301202510
050602005303202510
050602005307202510
050602006101202510
050602006103202510
050602006107202510
050602007001202510
050602007003202510
050602007007202510
050602009601202510
050602009603202510
050602009607202510
050602010001202510
050602010003202510
050602010007202510
050602011801202510
050602011803202510
050602011807202510
050602013401202510
050602013403202510
050602013407202510
070209005001202510
070209005007202510
070209006901202510
070209006907202510
080201006765202510
080201007579202510
080201008375202510
080201009176202510
080201010574202510
080201011383202510
080201012181202510
080201013082202510
080201014877202510
080201015678202510
080201016480202510
080201021085202510
080201022986202510
080201023792202510
080201024593202510
080201025387202510
080201026187202510
080201027087202510
080201032696202510
