0101010117108001202510
0101010117108003202510
0101050151134011202510
0101050160134009202510
0101050178134007202510
0102010056141002202510
0102010064141002202510
0102010072141002202510
0102010145141002202510
0102010153141002202510
0102010161141002202510
0102010170141002202510
0102010188141002202510
0102010196141002202510
0102010200141002202510
0102010218141002202510
0102010226108001202510
0102010226141002202510
0102010234108001202510
0102010234108003202510
0102010234141002202510
0102010242141002202510
0102010250141002202510
0102010269141002202510
0102010277141002202510
0102010285141002202510
0102010293141002202510
0102010307141002202510
0102010315141002202510
0102010323141002202510
0102010331141002202510
0102010340141002202510
0102010358141002202510
0102010366141002202510
0102010374141002202510
0102010382141002202510
0102010390141002202510
0102010404141002202510
0102010412141002202510
0102010420141002202510
0102010439141002202510
0102010447141002202510
0102010455141002202510
0102010463141002202510
0102010471141002202510
0102010480141002202510
0102010498141002202510
0102010501141002202510
0102010510141002202510
0102010528141002202510
0102010536141002202510
0102010544141002202510
0102010552141002202510
0102010560141002202510
0102010579141002202510
0102010587141002202510
0102010595141002202510
0102010609141002202510
0102010617141002202510
0102010625141002202510
0102010633141002202510
0102010641141002202510
0102010650141002202510
0102010668141002202510
0102020019108003202510
0102020027108001202510
0102020027108003202510
0102020035108003202510
0102020043108003202510
0102020051108001202510
0102020051108003202510
0102020060108001202510
0102020060108003202510
0102020078108001202510
0102020078108003202510
0102020086108001202510
0102020086108003202510
0102020094108001202510
0102020094108003202510
0102020108108001202510
0102020108108003202510
0102020116108001202510
0102020116108003202510
0102020124108001202510
0102020124108003202510
0102020132108001202510
0102020132108003202510
0102020140108001202510
0102020140108003202510
0201010151110001202510
0201010151120001202510
0201010186131001202510
0201010186132001202510
0201010186132005202510
0201010240131001202510
0201010240132001202510
0201010240132005202510
0201010534105005202510
0201010542121001202510
0201010542121002202510
0201010542121003202510
0201010542121004202510
0202010015145001202510
0202010023145001202510
0202010031145001202510
0202010040145001202510
0202010058145001202510
0202010066145001202510
0202010074145001202510
0202010082145001202510
0202010090145001202510
0202010104145001202510
0202010112145001202510
0202010120145001202510
0202010139145001202510
0202010147145001202510
0202010155145001202510
0202010163145001202510
0202010171145001202510
0202010180145001202510
0202010198145001202510
0202010201145001202510
0202010210145001202510
0202010228145001202510
0202010236145001202510
0202010244145001202510
0202010252145001202510
0202010260145001202510
0202010279145001202510
0202010287145001202510
0202010295145001202510
0202010309145001202510
0202010317145001202510
0202010325145001202510
0202010333145001202510
0202010341145001202510
0202010350145001202510
0202010368145001202510
0202010376145001202510
0202010384145001202510
0202010392145001202510
0202010406145001202510
0202010414145001202510
0202010422145001202510
0202010430145001202510
0202010449145001202510
0202010457145001202510
0202010465145001202510
0202010473145001202510
0202010481145001202510
0202010490145001202510
0202010503145001202510
0202010511145001202510
0202010520145001202510
0202010538145001202510
0202010546145001202510
0202010554145001202510
0202010562145001202510
0202010570145001202510
0202010589145001202510
0202010597145001202510
0202010600145001202510
0202010619145001202510
0202010627145001202510
0202010635145001202510
0202010643145001202510
0202010651145001202510
0202010660145001202510
0202010678145001202510
0202010686145001202510
0202010694145001202510
0202010708145001202510
0202010716145001202510
0202010724145001202510
0202010732145001202510
0202010740145001202510
0202010759145001202510
0202010767145001202510
0202010791145001202510
0202020010145002202510
0202020029145002202510
0202020037145002202510
0202020045145002202510
0202020053145002202510
0202020061145002202510
0202020070145002202510
0202020088145002202510
0202020096145002202510
0202020100145002202510
0202020118145002202510
0202020126145002202510
0202020134145002202510
0202020142145002202510
0202020150145002202510
0202020169145002202510
0202020177145002202510
0202020185145002202510
0202020193145002202510
0202020207145002202510
0202020215145002202510
0202020223145002202510
0202020231145002202510
0202020240145002202510
0202020258145002202510
0202020266145002202510
0202020274145002202510
0202020282145002202510
0202020290145002202510
0202020304145002202510
0202020312145002202510
0202020320145002202510
0202020339145002202510
0202020347145002202510
0202020355145002202510
0202020363145002202510
0202020371145002202510
0202020380145002202510
0202020398145002202510
0202020401145002202510
0202020410145002202510
0202020428145002202510
0202020436145002202510
0202020444145002202510
0202020460145002202510
0202020479128001202510
0202020487145002202510
0202020495145002202510
0202020517145002202510
0202020525145002202510
0202020533145002202510
0202020541145002202510
0202020550145002202510
0202020568145002202510
0202020576145002202510
0202030016145003202510
0202030024145003202510
0202030032145003202510
0202030040145003202510
0202030059145003202510
0202030067145003202510
0202030075145003202510
0202030083145003202510
0202030091145003202510
0202030105145003202510
0202030113145003202510
0202030121145003202510
0202030130145003202510
0202030148145003202510
0202030156145003202510
0202030164145003202510
0202030172145003202510
0202030180145003202510
0202030199145003202510
0202030202145003202510
0202030229145003202510
0202030237132002202510
0202030237145003202510
0202030253145003202510
0202030261145003202510
0202030270145003202510
0202030288145003202510
0202030296145003202510
0202030326145003202510
0202030334145003202510
0202030342145003202510
0202030350145003202510
0202030369145003202510
0202030377145003202510
0202030385145003202510
0202030393145003202510
0202030407145003202510
0202030415145003202510
0202030423145003202510
0202030431145003202510
0202030440145003202510
0202030458145003202510
0202030466145003202510
0202030474145003202510
0202030482145003202510
0202030504145003202510
0202030512145003202510
0202030520145003202510
0202030539145003202510
0202030547145003202510
0202030555145003202510
0202030563145003202510
0202030571145003202510
0202030580145003202510
0202030598145003202510
0202030601145003202510
0202030610145003202510
0202030628145003202510
0202030636145003202510
0202030644145003202510
0202030652145003202510
0202030660145003202510
0202030687145003202510
0202030695145003202510
0202030709145003202510
0202030717145003202510
0202030725145003202510
0202030733145003202510
0202030741145003202510
0202030750145003202510
0202030768145003202510
0202030776145003202510
0202030784145003202510
0202030792145003202510
0202030806145003202510
0202030814145003202510
0202030822145003202510
0202030830145003202510
0202030849145003202510
0202030857145003202510
0202030865145003202510
0202030873145003202510
0202030881145003202510
0202030890145003202510
0202030903145003202510
0202030911145003202510
0202030920145003202510
0202030938145003202510
0202030946145003202510
0202030954145003202510
0202030962145003202510
0202030989145003202510
0202030997145003202510
0202031004145003202510
0202031012145003202510
0202031039145003202510
0202031047145003202510
0202031055145003202510
0202031063145003202510
0202031071145003202510
0202031080145003202510
0202031101145003202510
0202031110145003202510
0202031179145003202510
0202031187145003202510
0202031195145003202510
0202031209145003202510
0202031217145003202510
0202031225145003202510
0202031233145003202510
0202031233145011202510
0202031276145003202510
0202031284145003202510
0202031292145003202510
0202031306145003202510
0202031314145003202510
0202031322145001202510
0202031365145003202510
0202031373145003202510
0202031381145003202510
0202031390145003202510
0202031403145003202510
0202031411145003202510
0202031420145003202510
0202031438145003202510
0202031446145003202510
0202031454145003202510
0202031462145003202510
0202031489145003202510
0202031497145003202510
0202031500145003202510
0202031519145003202510
0202031527145003202510
0202031535145003202510
0202031543141001202510
0202031543145003202510
0202031551141001202510
0202031551145003202510
0202031560141001202510
0202031560145003202510
0202031560145011202510
0202031578141001202510
0202031578145003202510
0202031578145011202510
0202031586141001202510
0202031586145003202510
0202031586145011202510
0202031594141001202510
0202031594145003202510
0202031594145011202510
0202031608141001202510
0202031608145003202510
0202031608145011202510
0202031616141001202510
0202031616145003202510
0202031616145011202510
0202040011145004202510
0202040020145004202510
0202040038145004202510
0202040046145004202510
0202040054145004202510
0202040062145004202510
0202040070145004202510
0202040089145004202510
0202040097145004202510
0202040100145004202510
0202040119145004202510
0202040127145004202510
0202040135145004202510
0202040143145004202510
0202040151145004202510
0202040160145004202510
0202040178145004202510
0202040186145004202510
0202050017145005202510
0202050025145005202510
0202050033145005202510
0202050041145005202510
0202050050145005202510
0202050068145005202510
0202050076145005202510
0202050076145011202510
0202050084145005202510
0202050092145005202510
0202050106145005202510
0202050114145005202510
0202050122145005202510
0202050130145005202510
0202050149145005202510
0202050157145005202510
0202050165145005202510
0202050173145005202510
0202050181145005202510
0202050190145005202510
0202050203145005202510
0202050211145005202510
0202050220145005202510
0202050238145005202510
0202050246145005202510
0202050254145005202510
0202050262145005202510
0202050270145005202510
0202050289145005202510
0202050297145005202510
0202050300145005202510
0202050319145005202510
0202050327145005202510
0202060012145006202510
0202060012151002202510
0202060020145006202510
0202060020151002202510
0202060039145006202510
0202060039151002202510
0202060047145006202510
0202060047151002202510
0202060055145006202510
0202060055151002202510
0202060063145006202510
0202060063151002202510
0202060071145006202510
0202060071151002202510
0202060080145006202510
0202060080151002202510
0202060098145006202510
0202060098151002202510
0202060101145006202510
0202060101151002202510
0202060110145006202510
0202060110151002202510
0202060128145006202510
0202060128151002202510
0202060136145006202510
0202060136151002202510
0202060144145006202510
0202060144151002202510
0202060152145006202510
0202060152151002202510
0202060160145006202510
0202060160151002202510
0202060179145006202510
0202060179151002202510
0202060187145006202510
0202060187151002202510
0202060195145006202510
0202060195151002202510
0202060209145006202510
0202060209151002202510
0202060217145006202510
0202060217151002202510
0202060225145006202510
0202060225151002202510
0202060233145006202510
0202060233151002202510
0202060241145006202510
0202060241151002202510
0202060250145006202510
0202060250151002202510
0202060268145006202510
0202060268151002202510
0202060276145006202510
0202060276151002202510
0202060284145006202510
0202060284151002202510
0202060292145006202510
0202060292151002202510
0202060306145006202510
0202060306151002202510
0202060314145006202510
0202060314151002202510
0202060322145006202510
0202060322151002202510
0202060330145006202510
0202060330151002202510
0202060349145006202510
0202060349151002202510
0202060357145006202510
0202060357151002202510
0202060365145006202510
0202060365151002202510
0202060373145006202510
0202060373151002202510
0202060381145006202510
0202060381151002202510
0202060390145006202510
0202060390151002202510
0202060403145006202510
0202060403151002202510
0202060411145006202510
0202060411151002202510
0202060420145006202510
0202060420151002202510
0202060438145006202510
0202060438151002202510
0202060446145006202510
0202060446151002202510
0202060454145006202510
0202060454151002202510
0202060462145006202510
0202060462151002202510
0202060470145006202510
0202070018145008202510
0202070026145008202510
0202070034145008202510
0202070042145008202510
0202070050145008202510
0202070069145008202510
0202070077145008202510
0202070085145008202510
0202070093145008202510
0202070107145008202510
0202070115145008202510
0202070123145008202510
0202070131145008202510
0202070140145008202510
0202070158145008202510
0202070166145008202510
0202070174145008202510
0202070182145008202510
0202070190145008202510
0202070204145008202510
0202070212145008202510
0202070220145008202510
0202070239145008202510
0202070247145008202510
0202070255145008202510
0202070263145008202510
0202070271145008202510
0202070280145008202510
0202070298145008202510
0202070301145008202510
0202070310145008202510
0202070328145008202510
0202070336145008202510
0202070344145008202510
0202070352145008202510
0202080013145009202510
0202080021145009202510
0202080030145009202510
0202080048145009202510
0202080056145009202510
0202080064145009202510
0202080072145009202510
0202080080145009202510
0202080099145009202510
0202080102145009202510
0202080110145009202510
0202080129145009202510
0202080137145009202510
0202080145145009202510
0202080153145009202510
0202080161145009202510
0202080170145009202510
0202080188145009202510
0202080196145009202510
0202080200145009202510
0202080218145009202510
0202080226145009202510
0202080234145009202510
0202080250145009202510
0202090019145010202510
0202090027145010202510
0202090035145010202510
0202090043145010202510
0202090051145010202510
0202090060145010202510
0202090078145010202510
0202090086145010202510
0202090094145010202510
0202090108145009202510
0202090116145010202510
0202090124145010202510
0202090132145010202510
0202090140145010202510
0202090159145010202510
0202090167145010202510
0202090183145010202510
0202090191145010202510
0202090213145010202510
0202090221145010202510
0202090221151002202510
0202090230145010202510
0202090248145010202510
0202090256145010202510
0202090264145010202510
0202090272145010202510
0202090280145010202510
0202090299145010202510
0202090302145010202510
0202090310145010202510
0202090329145010202510
0202090337145010202510
0202090345145010202510
0202090353145010202510
0202090361145010202510
0202100014145011202510
0202100022145011202510
0202100030145011202510
0202100049120001202510
0202100049145011202510
0202100057145011202510
0202100065145011202510
0202100073145011202510
0202100081145011202510
0202100090145011202510
0202100103145011202510
0202100111145011202510
0202100120145011202510
0202100138145011202510
0202100146145011202510
0202100154145011202510
0202100162145011202510
0202100170145011202510
0202100189145011202510
0202100197145011202510
0202100200145011202510
0202100219145011202510
0202100227145011202510
0202100243145011202510
0202110010145012202510
0202110028145012202510
0202110036145012202510
0202110044145012202510
0202110052145012202510
0202110060145012202510
0202110079145012202510
0202110087145012202510
0202110095145012202510
0202110109145012202510
0202110117145012202510
0202110125145012202510
0202110133145012202510
0202110141145012202510
0202110150145012202510
0202120015128002202510
0202120015145013202510
0202120023128002202510
0202120023145013202510
0202120031128002202510
0202120031145013202510
0202120040128002202510
0202120040145013202510
0202120058128002202510
0202120058145013202510
0202120066128002202510
0202120066145013202510
0202120074128002202510
0202120074145013202510
0202120082128002202510
0202120082145013202510
0202120090128002202510
0202120090145013202510
0202120104128002202510
0202120104145013202510
0203010019120002202510
0203010027120002202510
0203010035120002202510
0203010043120002202510
0203010078120003202510
0203010086120002202510
0203010086120003202510
0203020014120001202510
0203020014120002202510
0203020022120001202510
0203020030120001202510
0203020049120001202510
0203020057120001202510
0203020065120001202510
0203020073120001202510
0203020081120001202510
0204010012121001202510
0204010012121007202510
0204010020121001202510
0204010020121007202510
0204010039121001202510
0204010039121007202510
0204010047121001202510
0204010047121007202510
0204010055121001202510
0204010055121007202510
0204010063121001202510
0204010063121007202510
0204010071121001202510
0204010071121007202510
0204010080121001202510
0204010080121007202510
0204010098121001202510
0204010098121007202510
0204010101121001202510
0204010101121007202510
0204010110121001202510
0204010110121007202510
0204010128121001202510
0204010128121007202510
0204010136121001202510
0204010136121007202510
0204010144121001202510
0204010144121007202510
0204010152121001202510
0204010152121007202510
0204010179121001202510
0204010179121007202510
0204010195121001202510
0204010195121007202510
0204010209121001202510
0204010209121007202510
0204020018121001202510
0204020018121007202510
0204020026121001202510
0204020026121007202510
0204020034121001202510
0204020034121007202510
0204020042121001202510
0204020042121007202510
0204020050121001202510
0204020050121007202510
0204020069121001202510
0204020069121007202510
0204020077121001202510
0204020077121007202510
0204020085121001202510
0204020085121007202510
0204020093121001202510
0204020093121007202510
0204020107121001202510
0204020107121007202510
0204020115121001202510
0204020115121007202510
0204020123121001202510
0204020123121007202510
0204020131121001202510
0204020131121007202510
0204030013121001202510
0204030013121007202510
0204030021121001202510
0204030021121007202510
0204030030121012202510
0204030030121013202510
0204030048121001202510
0204030048121007202510
0204030056121001202510
0204030056121007202510
0204030064121001202510
0204030064121007202510
0204030072121001202510
0204030072121007202510
0204030080121001202510
0204030080121007202510
0204030099121001202510
0204030099121007202510
0204030102121001202510
0204030102121007202510
0204030110121001202510
0204030110121007202510
0204030129121001202510
0204030129121007202510
0204030137121001202510
0204030137121007202510
0204030145121001202510
0204030145121007202510
0204030153121001202510
0204030153121007202510
0204030161121001202510
0204030161121007202510
0204030170121001202510
0204030170121007202510
0204030188121012202510
0204030188121013202510
0204040019121001202510
0204040019121007202510
0204040027121001202510
0204040027121007202510
0204040035121001202510
0204040035121007202510
0204040043121001202510
0204040043121007202510
0204040051121001202510
0204040051121007202510
0204040060121001202510
0204040060121007202510
0204040078121001202510
0204040078121007202510
0204040086121001202510
0204040086121007202510
0204040094121001202510
0204040094121007202510
0204040108121001202510
0204040108121007202510
0204040116121001202510
0204040116121007202510
0204040124121001202510
0204040124121007202510
0204050014121001202510
0204050014121007202510
0204050022121001202510
0204050022121007202510
0204050030121001202510
0204050030121007202510
0204050049121001202510
0204050049121007202510
0204050057121001202510
0204050057121007202510
0204050065121001202510
0204050065121007202510
0204050073121001202510
0204050073121007202510
0204050081121001202510
0204050081121007202510
0204050090121001202510
0204050090121007202510
0204050103121001202510
0204050103121007202510
0204050111121001202510
0204050111121007202510
0204050120121001202510
0204050120121007202510
0204050138121001202510
0204050138121007202510
0204050146121001202510
0204050146121007202510
0204050154121001202510
0204050154121007202510
0204050162121001202510
0204050162121007202510
0204050170121001202510
0204050170121007202510
0204050189121001202510
0204050189121007202510
0204060010121001202510
0204060010121007202510
0204060036121001202510
0204060036121007202510
0204060044121001202510
0204060044121007202510
0204060052121001202510
0204060052121007202510
0204060060121001202510
0204060060121007202510
0204060079121001202510
0204060079121007202510
0204060087121001202510
0204060087121007202510
0204060095121001202510
0204060095121007202510
0204060109121001202510
0204060109121007202510
0204060117121001202510
0204060117121007202510
0204060125121001202510
0204060125121007202510
0204060133121001202510
0204060133121007202510
0204060141121001202510
0204060141121007202510
0204060150121001202510
0204060150121007202510
0204060168121001202510
0204060168121007202510
0204060176121001202510
0204060176121007202510
0205010016122003202510
0205010016122007202510
0205010024122003202510
0205010024122007202510
0205010032121002202510
0205010032121008202510
0205010040121002202510
0205010040121008202510
0205010059121002202510
0205010059121008202510
0205020011121002202510
0205020011121008202510
0205020020131001202510
0205020038121002202510
0205020038121008202510
0205020046121002202510
0205020046121008202510
0205020054121002202510
0205020054121008202510
0205020062121002202510
0205020062121008202510
0205020070121002202510
0205020070121008202510
0205020089121002202510
0205020089121008202510
0205020097121002202510
0205020097121008202510
0205020100121002202510
0205020100121008202510
0205020119121002202510
0205020119121008202510
0205020127121002202510
0205020127121008202510
0205020135121002202510
0205020135121008202510
0205020143121002202510
0205020143121008202510
0205020151121002202510
0205020151121008202510
0205020160121002202510
0205020160121008202510
0205020178121002202510
0205020178121008202510
0205020186121002202510
0205020186121008202510
0205020194121002202510
0205020194121008202510
0205020224121002202510
0205020224121008202510
0206010010121003202510
0206010010121009202510
0206010028121003202510
0206010028121009202510
0206010036121003202510
0206010036121009202510
0206010044121003202510
0206010044121009202510
0206010052121003202510
0206010052121009202510
0206010060121003202510
0206010060121009202510
0206010079121003202510
0206010079121009202510
0206010087121003202510
0206010087121009202510
0206010095121003202510
0206010095121009202510
0206010095151001202510
0206020015121003202510
0206020015121009202510
0206020023121003202510
0206020023121009202510
0206020031121003202510
0206020031121009202510
0206020040121003202510
0206020040121009202510
0206030010121003202510
0206030010121009202510
0206030029121003202510
0206030029121009202510
0206030037121003202510
0206030037121009202510
0207010013121004202510
0207010013121010202510
0207010021121004202510
0207010021121010202510
0207010030121004202510
0207010030121010202510
0207010048121004202510
0207010048121010202510
0207010056121004202510
0207010056121010202510
0207010064121004202510
0207010064121010202510
0207010072121004202510
0207010072121010202510
0207020019121004202510
0207020019121010202510
0207020027121004202510
0207020027121010202510
0207020035121004202510
0207020035121010202510
0207020060121004202510
0207020060121010202510
0207030014121004202510
0207030014121010202510
0207030022121004202510
0207030022121010202510
0207030030121004202510
0207030030121010202510
0207030049121004202510
0207030049121010202510
0207030057121004202510
0207030057121010202510
0208010017151001202510
0208010017151003202510
0208010025151001202510
0208010025151003202510
0208010033151001202510
0208010033151003202510
0208010041151001202510
0208010041151003202510
0208010050151001202510
0208010050151003202510
0208010068151001202510
0208010068151003202510
0208010076151001202510
0208010076151003202510
0208010084151001202510
0208010084151003202510
0208010092151001202510
0208010092151003202510
0208020012151001202510
0208020012151003202510
0208020020151001202510
0208020020151003202510
0208020039151001202510
0208020039151003202510
0208020047151001202510
0208020047151003202510
0208020055151001202510
0208020055151003202510
0208020063151001202510
0208020063151003202510
0208020071151001202510
0208020071151003202510
0208020080151001202510
0208020080151003202510
0208020098151001202510
0208020098151003202510
0208020101151001202510
0208020101151003202510
0208020110151001202510
0208020110151003202510
0208020128151001202510
0208020128151003202510
0208030018151001202510
0208030018151003202510
0208030026151001202510
0208030026151003202510
0208030034151001202510
0208030034151003202510
0208030042151001202510
0208030042151003202510
0208030050151001202510
0208030050151003202510
0208040013151001202510
0208040013151003202510
0208040021151001202510
0208040021151003202510
0208040030151001202510
0208040030151003202510
0208040048151001202510
0208040048151003202510
0208040056151001202510
0208040056151003202510
0208040064151001202510
0208040064151003202510
0208040072151001202510
0208040072151003202510
0208040080151001202510
0208040080151003202510
0208040099151001202510
0208040099151003202510
0208040102151001202510
0208040102151003202510
0208050019151001202510
0208050019151003202510
0208050027151001202510
0208050027151003202510
0208050035151001202510
0208050035151003202510
0208050043151001202510
0208050043151003202510
0208060014151001202510
0208060014151003202510
0208060022151001202510
0208060022151003202510
0208060030151001202510
0208060030151003202510
0208070010151001202510
0208070010151003202510
0208070028151001202510
0208070028151003202510
0208070036151001202510
0208070036151003202510
0208070044151001202510
0208070044151003202510
0208080015151001202510
0208080015151003202510
0208080023151001202510
0208080023151003202510
0208080031151001202510
0208080031151003202510
0208080040151001202510
0208080040151003202510
0208090010151001202510
0208090010151003202510
0208090029151001202510
0208090029151003202510
0208090037151001202510
0208090037151003202510
0209010010142001202510
0209010029142001202510
0209010037142001202510
0209010045142001202510
0209010053142001202510
0209010061142001202510
0209020016142003202510
0209030011142004202510
0209040017142002202510
0209040025142002202510
0209040033142002202510
0209040041142002202510
0209040050142002202510
0210010010121001202510
0210010010121007202510
0210010029121001202510
0210010029121007202510
0210010037121006202510
0210010037121011202510
0210010045121001202510
0210010045121007202510
0210010053121001202510
0210010053121007202510
0210010061121001202510
0210010061121007202510
0210010070121001202510
0210010070121007202510
0210010088121001202510
0210010088121007202510
0210010096121001202510
0210010096121007202510
0210010100121001202510
0210010100121007202510
0210010118121001202510
0210010118121007202510
0210010126121001202510
0210010126121007202510
0210010134121001202510
0210010134121007202510
0210010142121001202510
0210010142121007202510
0210010150121001202510
0210010150121007202510
0210010169121001202510
0210010169121006202510
0210010169121007202510
0210010177121001202510
0210010177121007202510
0210010185121001202510
0210010185121007202510
0210010193121001202510
0210010193121007202510
0210010207121001202510
0210010207121007202510
0210020016121001202510
0210020016121007202510
0211010022121002202510
0211020010116005202510
0211020028116005202510
0211020036103003202510
0211020036103011202510
0211020036103012202510
0211020036113001202510
0211020036113002202510
0211020036113003202510
0211020036113004202510
0211020036122003202510
0211020036122007202510
0211020044122002202510
0211020044122006202510
0211020060122001202510
0211020060122005202510
0211020087103003202510
0211020087103011202510
0211020087103012202510
0211020095122007202510
0211030015126008202510
0211030015135001202510
0211030015135002202510
0211030015135003202510
0211030015135005202510
0211030015135010202510
0211030015135011202510
0211030023126008202510
0211030023135001202510
0211030023135002202510
0211030023135003202510
0211030023135005202510
0211030023135010202510
0211030023135011202510
0211030031126008202510
0211030031135001202510
0211030031135002202510
0211030031135003202510
0211030031135005202510
0211030031135010202510
0211030031135011202510
0211030040126008202510
0211030040135001202510
0211030040135002202510
0211030040135003202510
0211030040135005202510
0211030040135010202510
0211030040135011202510
0211030058126008202510
0211030058135001202510
0211030058135002202510
0211030058135003202510
0211030058135005202510
0211030058135010202510
0211030058135011202510
0211030066126008202510
0211030066135001202510
0211030066135002202510
0211030066135003202510
0211030066135005202510
0211030066135010202510
0211030066135011202510
0211030074126008202510
0211030074135001202510
0211030074135002202510
0211030074135003202510
0211030074135005202510
0211030074135010202510
0211030074135011202510
0211030082126008202510
0211030082135001202510
0211030082135002202510
0211030082135003202510
0211030082135005202510
0211030082135010202510
0211030082135011202510
0211030090126008202510
0211030090135001202510
0211030090135002202510
0211030090135003202510
0211030090135005202510
0211030090135010202510
0211030090135011202510
0211040037145009202510
0211050024122004202510
0211050024122008202510
0211050032122004202510
0211050032122008202510
0211050040122004202510
0211050040122008202510
0211050059122004202510
0211050059122008202510
0211050067122004202510
0211050067122008202510
0211050091105006202510
0211050105105009202510
0211050105133002202510
0211050105133003202510
0211050148105006202510
0211050156122004202510
0211050156122008202510
0211060011131001202510
0211060011135001202510
0211060020131001202510
0211060020135001202510
0211060038131001202510
0211060054131001202510
0211060054135001202510
0211060062131001202510
0211060070131001202510
0211060070135001202510
0211060089131001202510
0211060089135001202510
0211060097131001202510
0211060100131001202510
0211060100135001202510
0211060119131001202510
0211060127131001202510
0211060127135001202510
0211060135131001202510
0211060143131001202510
0211060151113001202510
0211060151113002202510
0211060151113003202510
0211060151131001202510
0211060151135001202510
0211060160131001202510
0211060160135001202510
0211060178131001202510
0211060178131005202510
0211060186131001202510
0211060208131001202510
0211060216131001202510
0211060216135001202510
0211060224131001202510
0211060224135001202510
0211060232131001202510
0211060232135001202510
0211060240131001202510
0211060259131001202510
0211060259135001202510
0211060267131001202510
0211060283131001202510
0211070025135005202510
0211070025135010202510
0211070033135005202510
0211070033135010202510
0211070041135005202510
0211070041135010202510
0211070092135005202510
0211070092135010202510
0211070106135005202510
0211070106135010202510
0211070122135010202510
0211070157135005202510
0211070157135010202510
0211070165135005202510
0211070165135010202510
0211070190135001202510
0211070190135002202510
0211070190135003202510
0211070190135005202510
0211070190135010202510
0211070203135005202510
0211070203135010202510
0211070211135005202510
0211070211135010202510
0211070238135005202510
0211070238135010202510
0211070246135005202510
0211070246135010202510
0211070254135005202510
0211070254135010202510
0211070262135005202510
0211070262135010202510
0211070289135005202510
0211070289135010202510
0211070297135005202510
0211070297135010202510
0211070300135005202510
0211070300135010202510
0211070319135005202510
0211070319135010202510
0211070327135005202510
0211070327135010202510
0211070335135005202510
0211070335135010202510
0211070343135005202510
0211070343135010202510
0211070378107008202510
0211070386107008202510
0211070394107008202510
0211070408107008202510
0211070416107008202510
0211080020133001202510
0211080039133001202510
0211080047133001202510
0211080055133002202510
0211080055133003202510
0211080063133001202510
0211080080122001202510
0211080080122005202510
0211100013115002202510
0211100013135001202510
0211100013135002202510
0211100013135003202510
0211100013135005202510
0211100013135010202510
0211100013135011202510
0212010018128002202510
0212010026128002202510
0212010034128002202510
0212010042128002202510
0212010050128002202510
0212010069128002202510
0212020013128003202510
0212020021128003202510
0212020030128003202510
0212020048128003202510
0212020056128003202510
0212020064128003202510
0213010020141001202510
0213010038141001202510
0213010054141001202510
0213010062141001202510
0213010070141001202510
0213010089141001202510
0213010097141001202510
0213010100141001202510
0213010119141001202510
0213010127141001202510
0213010135141001202510
0213010143141001202510
0213010160141001202510
0213010178141001202510
0213010186141001202510
0213010194141001202510
0213010208141001202510
0213010216141001202510
0213010224141001202510
0213010232141001202510
0213010240141001202510
0213010259141001202510
0213010267141001202510
0213010275141001202510
0213010291141001202510
0213010305141001202510
0213010321141001202510
0213010330141001202510
0213010348141001202510
0213010356141001202510
0213010364141001202510
0213010372141001202510
0213010380141001202510
0213010399141001202510
0213010402141001202510
0213010410141001202510
0213010429141001202510
0213010437141001202510
0213010445141001202510
0213010453141001202510
0213010470141001202510
0213010488141001202510
0213010496141001202510
0213010500141001202510
0213010518141001202510
0213010526141001202510
0213010534141001202510
0213010542141001202510
0213010550141001202510
0213010569141001202510
0213010577141001202510
0213010585141001202510
0213010607141001202510
0213010615141001202510
0213010623141001202510
0213010631141001202510
0213010640141001202510
0213010658141001202510
0213010666141001202510
0213010674141001202510
0213010682141001202510
0213010690141001202510
0213010704141001202510
0213010739141001202510
0213010747141001202510
0213010755141001202510
0213010763141001202510
0213010771141001202510
0213010780141001202510
0213010798141001202510
0213010801141001202510
0213010810141001202510
0213010828141001202510
0213010836141001202510
0213010836145003202510
0213020017141003202510
0213020025141003202510
0213020033141003202510
0213020041141003202510
0213020050141003202510
0213020068141003202510
0213020076141003202510
0213020084141003202510
0301010102131001202510
0301010196168001202510
0301010196168002202510
0301010200168001202510
0301010200168002202510
0301010218168001202510
0301010218168002202510
0301010226168001202510
0301010226168002202510
0301010323112006202510
0301010331112006202510
0301010340112006202510
0301010358112006202510
0301010366112008202510
0301010374112007202510
0301020019108001202510
0301020027108001202510
0301020035108001202510
0301020035108003202510
0301020043108001202510
0301020043108003202510
0301020051108001202510
0301020051108003202510
0301030022103006202510
0301030049103012202510
0301030057103002202510
0301030057103005202510
0301030081103002202510
0301030090103003202510
0301030103103002202510
0301030111104003202510
0301030120104003202510
0301030138104003202510
0301030146104003202510
0301030154103001202510
0301030162103003202510
0301030162103005202510
0301040052165001202510
0301040060165008202510
0301040168121001202510
0301040168122003202510
0301040168145001202510
0301040168145002202510
0301040168145005202510
0301050015133001202510
0301050031113001202510
0301050031113003202510
0301050031113004202510
0301050040106004202510
0301050040113001202510
0301050066113003202510
0301050066113004202510
0301050066133001202510
0301050074113002202510
0301050082113003202510
0301050082113004202510
0301050112113003202510
0301050112113004202510
0301050120113003202510
0301050120113004202510
0301050139113003202510
0301050139113004202510
0301050147108003202510
0301050147113003202510
0301050147113004202510
0301050155113002202510
0301050155113004202510
0301050163113003202510
0301050163113004202510
0301050163133001202510
0301050171113003202510
0301050171113004202510
0301050171133001202510
0301070016107005202510
0301070024113001202510
0301070024113002202510
0301070024113003202510
0301070024113004202510
0301070024135001202510
0301070024135002202510
0301070024135003202510
0301070024135005202510
0301070024135010202510
0301070032135005202510
0301070032135010202510
0301070040115002202510
0301070040135001202510
0301070040135002202510
0301070040135003202510
0301070040135005202510
0301070040135010202510
0301070040135011202510
0301070067113001202510
0301070067113002202510
0301070067113003202510
0301070067135001202510
0301070067135002202510
0301070067135003202510
0301070067135005202510
0301070067135010202510
0301070075135001202510
0301070075135002202510
0301070075135003202510
0301070075135005202510
0301070075135007202510
0301070075135008202510
0301070075135010202510
0301070083135001202510
0301070083135002202510
0301070083135003202510
0301070083135005202510
0301070083135010202510
0301070091135001202510
0301070091135002202510
0301070091135003202510
0301070091135005202510
0301070091135011202510
0301070105135003202510
0301070105135011202510
0301070113113001202510
0301070113113002202510
0301070113113003202510
0301070113135001202510
0301070113135002202510
0301070113135003202510
0301070113135005202510
0301070113135010202510
0301070121135003202510
0301070130135003202510
0301070130135011202510
0301070148135001202510
0301070156135001202510
0301070164135001202510
0301070172107008202510
0301070180107008202510
0301070199107008202510
0301070210135001202510
0301070210135002202510
0301070210135003202510
0301070210135005202510
0301070210135010202510
0301070210135011202510
0301070229135003202510
0301070229135011202510
0301070237135003202510
0301070237135011202510
0301070245135001202510
0301070253135005202510
0301070253135010202510
0301070261135002202510
0301070270135001202510
0301070270135002202510
0301070270135003202510
0301070270135005202510
0301070270135010202510
0301070270135011202510
0301070288135001202510
0301070288135002202510
0301070288135003202510
0301070288135005202510
0301070288135010202510
0301070288135011202510
0301070296135001202510
0301070296135002202510
0301070296135003202510
0301070296135005202510
0301070300135001202510
0301070300135002202510
0301070300135003202510
0301070300135005202510
0301080011119001202510
0301080020115002202510
0301080038115002202510
0301080046115001202510
0301080046115004202510
0301080046115005202510
0301080160115002202510
0301080160135001202510
0301080160135002202510
0301080160135003202510
0301080160135005202510
0301080160135010202510
0301080160135011202510
0301080178115002202510
0301080194115002202510
0301080208115002202510
0301080216115002202510
0301080224115002202510
0301080232115002202510
0301080240115002202510
0301080259115002202510
0301080267115002202510
0301080275115002202510
0301080283115002202510
0301080291115002202510
0301080305115002202510
0301080313115002202510
0301080321115002202510
0301080330115002202510
0301080348115002202510
0301080356115002202510
0301080364115008202510
0301080372115006202510
0301080380115007202510
0301080399115002202510
0301080402108001202510
0301080402108003202510
0301080410108001202510
0301080410108003202510
0301080429108001202510
0301080429108003202510
0301080437115010202510
0301080445115010202510
0301080453115010202510
0301080461115010202510
0301110018117002202510
0301110026117002202510
0301120056127001202510
0301120064139005202510
0301120072139006202510
0301120080127001202510
0301130035153001202510
0301130043153001202510
0301130043153002202510
0301130051130006202510
0301130060130006202510
0301140014113002202510
0301140014113004202510
0302010017126001202510
0302010025126001202510
0302010033126001202510
0302020020113001202510
0302020020113002202510
0302020020113003202510
0302020020113004202510
0302020020126002202510
0302020039126002202510
0302030018126003202510
0302030018135001202510
0302030026126003202510
0302030026135001202510
0302040013126002202510
0302040013126004202510
0302040013126006202510
0302040013126007202510
0302040013135003202510
0302040013135011202510
0302040021113001202510
0302040021113002202510
0302040021113003202510
0302040021126004202510
0302040021135003202510
0302040021135011202510
0302040030113001202510
0302040030113002202510
0302040030113003202510
0302040030113004202510
0302040030126004202510
0302040048126004202510
0302040048135003202510
0302040048135011202510
0302040056126004202510
0302040056135003202510
0302040056135011202510
0302040064113001202510
0302040064113003202510
0302040064113004202510
0302040064126004202510
0302050019126005202510
0302050019135003202510
0302050019135011202510
0302050027113001202510
0302050027113002202510
0302050027113003202510
0302050027126005202510
0302050027135003202510
0302050027135011202510
0302050035126005202510
0302060014113001202510
0302060014113002202510
0302060014113003202510
0302060014126007202510
0302060014135003202510
0302060014135011202510
0302060022113001202510
0302060022113002202510
0302060022113003202510
0302060022126007202510
0302060022135003202510
0302060022135011202510
0302060030126007202510
0302060030135003202510
0302060030135011202510
0302060049126007202510
0302060049135002202510
0302060049135003202510
0302060049135011202510
0302060057126007202510
0302060057135003202510
0302060057135011202510
0302070010126006202510
0302070028126006202510
0302070036126006202510
0303010231108001202510
0303030089153001202510
0303030097153001202510
0303040068105001202510
0303040068105002202510
0303040068105003202510
0303040068105004202510
0303040068105005202510
0303040068105006202510
0303040068105007202510
0303040068105008202510
0303040068132005202510
0303040106105001202510
0303040106105002202510
0303040106105003202510
0303040106105004202510
0303040106105005202510
0303040114105001202510
0303040114105002202510
0303040114105003202510
0303040114105004202510
0303040114105005202510
0303040114155001202510
0303040114155002202510
0303040114155003202510
0303040122105001202510
0303040122105002202510
0303040122105003202510
0303040122105004202510
0303040122105005202510
0303040122132005202510
0303040300140005202510
0303040300140006202510
0303040300140019202510
0303050012131002202510
0303050020131002202510
0303050039131002202510
0303050047131002202510
0303050055131002202510
0303050063131002202510
0303050071131002202510
0303050080131002202510
0303050098131002202510
0303050101131002202510
0303050110131002202510
0303050136131002202510
0303050144131002202510
0303050152131002202510
0303050160131002202510
0303050179131002202510
0303050187131002202510
0303050195131002202510
0303050209131002202510
0303050217131002202510
0303050225131002202510
0303050233131002202510
0303070013142001202510
0303070137127001202510
0303170131115003202510
0303170140115003202510
0303170158115003202510
0303170166115003202510
0303170174115003202510
0303170182115003202510
0303190019113001202510
0303190019113002202510
0303190019113003202510
0303190019113004202510
0303190019135003202510
0304010111132001202510
0304010111132002202510
0304010111132003202510
0304010111132004202510
0304010170132004202510
0304010340132004202510
0304010359105003202510
0304010359105004202510
0304010359132001202510
0304010359132003202510
0304010359132004202510
0304010367132004202510
0304010375132004202510
0304010383132004202510
0304010391132004202510
0304010405132004202510
0304010413132004202510
0304010421132004202510
0304010430132004202510
0304010448132004202510
0304010456132004202510
0304010464132004202510
0304010472132004202510
0304010480132004202510
0304010499132004202510
0304010502132004202510
0304010510132004202510
0304010529132004202510
0304010537132004202510
0304010545132004202510
0304010553132004202510
0304010561132004202510
0304010570132004202510
0304010588132004202510
0304010596132004202510
0304020010132003202510
0304020028132003202510
0304020036132003202510
0304020044132003202510
0304020052132003202510
0304020060132003202510
0304020079132003202510
0304020087132003202510
0304020095132003202510
0304020109132003202510
0304020117132003202510
0304020125132003202510
0304020133132003202510
0304020141132003202510
0304020150132003202510
0304020168132003202510
0304020176132003202510
0304020184132003202510
0304020192132003202510
0304020206132003202510
0304020214132003202510
0304020222132003202510
0304020230132003202510
0304020249132003202510
0304020257132003202510
0304020265132003202510
0304020273132003202510
0304020281132003202510
0304020290132003202510
0304020303132003202510
0304020311132003202510
0304020320132003202510
0304020338132003202510
0304020346132003202510
0304020362132003202510
0304020370132003202510
0304020389132003202510
0304020397132003202510
0304020400132003202510
0304020419132003202510
0304020427132003202510
0304020435132003202510
0304020443132003202510
0304020478132002202510
0304020478132003202510
0304020486132002202510
0304020486132003202510
0304020494132002202510
0304020494132003202510
0304030015132002202510
0304030015132003202510
0304030023132002202510
0304030023132003202510
0304030031132002202510
0304030031132003202510
0304030040132002202510
0304030040132003202510
0304030058132002202510
0304030058132003202510
0304030066132002202510
0304030066132003202510
0304030074132002202510
0304030074132003202510
0304030082132002202510
0304030082132003202510
0304030090132002202510
0304030090132003202510
0304030104132002202510
0304030104132003202510
0304030112132002202510
0304030112132003202510
0304030120132002202510
0304030120132003202510
0304030139132002202510
0304030139132003202510
0304030147132002202510
0304030147132003202510
0304030155132002202510
0304030155132003202510
0304030163132002202510
0304030163132003202510
0304030171132002202510
0304030171132003202510
0304030180132002202510
0304030180132003202510
0304030198132002202510
0304030198132003202510
0304030201132002202510
0304030201132003202510
0304030210132002202510
0304030210132003202510
0304030228132002202510
0304030228132003202510
0304030236132003202510
0304030244132003202510
0304030252132002202510
0304030252132003202510
0304030260132002202510
0304030260132003202510
0304040010132003202510
0304040029132003202510
0304040045132003202510
0304040053132003202510
0304040061132003202510
0304040070132003202510
0304040088132003202510
0304040096132003202510
0304040100132003202510
0304040118132003202510
0304040126132003202510
0304040134132003202510
0304040142132003202510
0304040150132003202510
0304040169132003202510
0304040177132003202510
0304040185132003202510
0304040193132003202510
0304040207132003202510
0304050016132003202510
0304050024132003202510
0304050032132003202510
0304050040132003202510
0304050067132003202510
0304050075132003202510
0304050113132003202510
0304050121132003202510
0304050130132003202510
0304050172132003202510
0304050180132003202510
0304050202132003202510
0304050210132003202510
0304050229132003202510
0304050253132003202510
0304050261132003202510
0304050270132003202510
0304050288132003202510
0304050296132003202510
0304050300132003202510
0304050318132003202510
0304050326132003202510
0304050334132003202510
0304050342132003202510
0304060011132002202510
0304060011132003202510
0304060038132002202510
0304060038132003202510
0304060046132002202510
0304060046132003202510
0304060070132002202510
0304060070132003202510
0304060089132002202510
0304060089132003202510
0304060097132002202510
0304060097132003202510
0304060100132002202510
0304060100132003202510
0304060119132002202510
0304060119132003202510
0304060127132002202510
0304060127132003202510
0304060135132002202510
0304060135132003202510
0304060151132003202510
0304060160132003202510
0304060178132003202510
0304060186132003202510
0304060208132003202510
0304060216132003202510
0304060224132002202510
0304060224132003202510
0304060232132002202510
0304060232132003202510
0304060240132002202510
0304060240132003202510
0304070017132001202510
0304070017132002202510
0304070017132003202510
0304070025132001202510
0304070025132002202510
0304070025132003202510
0304070033132001202510
0304070033132002202510
0304070033132003202510
0304070041132001202510
0304070041132002202510
0304070041132003202510
0304070050132001202510
0304070050132003202510
0304070068132001202510
0304070068132002202510
0304070068132003202510
0304070076132001202510
0304070076132002202510
0304070076132003202510
0304070084132001202510
0304070084132002202510
0304070092132001202510
0304070092132002202510
0304080012132001202510
0304080012132002202510
0304080012132003202510
0304080020132001202510
0304080020132002202510
0304080020132003202510
0304080039132001202510
0304080039132002202510
0304080039132003202510
0304080047132001202510
0304080047132003202510
0304080055132001202510
0304080055132002202510
0304080055132003202510
0304080063132003202510
0304080071132001202510
0304080071132002202510
0304080071132003202510
0304080080132001202510
0304080080132002202510
0304090018151001202510
0304090026151001202510
0304090034151001202510
0304090042151001202510
0304090050151001202510
0304090069151001202510
0305010018130005202510
0305010026130005202510
0305010093130001202510
0305010107130001202510
0305010115130001202510
0305010123130001202510
0305010166130005202510
0305010204130001202510
0305010212130001202510
0306010011128001202510
0306010020128001202510
0306010038128001202510
0306020017128004202510
0306020025128004202510
0306020033128004202510
0306020041128003202510
0306020050128004202510
0306020068128004202510
0306020076128004202510
0306020084128004202510
0306020092128004202510
0306020106128004202510
0306020114128004202510
0306020122128004202510
0306020130128004202510
0306020149128004202510
0306020157128004202510
0306020165128004202510
0306020173128004202510
0306020181128004202510
0306020190128004202510
0306020203128004202510
0306020211128004202510
0307050017114006202510
0307050017114007202510
0307050017114008202510
0307050017114009202510
0307050017114010202510
0307050017114012202510
0307050017114018202510
0309030056142003202510
0309030064142003202510
0309030102169002202510
0309030110169002202510
0309030129169002202510
0309030137169002202510
0309050014113001202510
0309050014113002202510
0309050014113003202510
0309050014134001202510
0309050014135001202510
0309050014135002202510
0309050014135003202510
0309050014135005202510
0309050014135010202510
0309050014135011202510
0309050022113001202510
0309050022113002202510
0309050022113003202510
0309050022134001202510
0309050022135001202510
0309050022135002202510
0309050022135003202510
0309050022135005202510
0309050022135010202510
0309050022135011202510
0309050030113001202510
0309050030113002202510
0309050030113003202510
0309050030113004202510
0309050030134003202510
0309050030135001202510
0309050030135002202510
0309050030135003202510
0309050030135005202510
0309050030135010202510
0309050030135011202510
0309050243134011202510
0309050251134002202510
0309050260134002202510
0309070015116008202510
0309070023116008202510
0309080010168003202510
0311010016113001202510
0311010016113002202510
0311010016113003202510
0311010016113004202510
0311010016126002202510
0311010016171001202510
0311010024113001202510
0311010024113003202510
0311010024113004202510
0311010024171001202510
0311020011113001202510
0311020011113002202510
0311020011113003202510
0311020011113004202510
0311020011126002202510
0311020011171001202510
0311020011171002202510
0311020020113003202510
0311020020113004202510
0311020020171001202510
0311020020171002202510
0311020038113003202510
0311020038113004202510
0311020038171001202510
0311020038171002202510
0311020046113003202510
0311020046113004202510
0311020046171001202510
0311020046171002202510
0403010047105001202510
0403010047105002202510
0403010047105003202510
0403010047105004202510
0403010047105005202510
0403010047132005202510
0403010055105001202510
0403010055105002202510
0403010055105003202510
0403010055105004202510
0403010055105005202510
0403010055132005202510
0403010071105001202510
0403010071105002202510
0403010071105003202510
0403010071105004202510
0403010071105005202510
0403010071132005202510
0403010110105001202510
0403010110105002202510
0403010110105003202510
0403010110105004202510
0403010110105005202510
0403010110132005202510
0403010128105001202510
0403010128105002202510
0403010128105003202510
0403010128105004202510
0403010128105005202510
0403010128132005202510
0403010136105001202510
0403010136105002202510
0403010136105003202510
0403010136105004202510
0403010136105005202510
0403010144105001202510
0403010144105002202510
0403010144105003202510
0403010144105004202510
0403010144105005202510
0403010144132005202510
0403010217105001202510
0403010217105002202510
0403010217105003202510
0403010217105004202510
0403010217105005202510
0403010225105001202510
0403010225105002202510
0403010225105003202510
0403010225105004202510
0403010225105005202510
0403010233105001202510
0403010233105002202510
0403010233105003202510
0403010233105004202510
0403010233105005202510
0403010241105001202510
0403010241105002202510
0403010241105003202510
0403010241105004202510
0403010241105005202510
0403010241132005202510
0403010250105001202510
0403010250105002202510
0403010250105003202510
0403010250105004202510
0403010250105005202510
0403010250132005202510
0403010292105001202510
0403010292105002202510
0403010292105003202510
0403010292105004202510
0403010292105005202510
0403010292132005202510
0403010330105001202510
0403010330105002202510
0403010330105003202510
0403010330105004202510
0403010330105005202510
0403010357105001202510
0403010357105002202510
0403010357105003202510
0403010357105004202510
0403010357105005202510
0403010357132005202510
0403010390105001202510
0403010390105002202510
0403010390105003202510
0403010390105004202510
0403010390105005202510
0403010390132005202510
0403020018105001202510
0403020018105002202510
0403020018105003202510
0403020018105004202510
0403020018105005202510
0403020018132005202510
0403020018155001202510
0403020018155002202510
0403020026105001202510
0403020026105002202510
0403020026105003202510
0403020026105004202510
0403020026105005202510
0403020026132005202510
0403020026155001202510
0403020026155002202510
0403020034105001202510
0403020034105002202510
0403020034105003202510
0403020034105004202510
0403020034105005202510
0403020034132005202510
0403020034155001202510
0403020034155002202510
0403020042105001202510
0403020042105002202510
0403020042105003202510
0403020042105004202510
0403020042105005202510
0403020042132005202510
0403020042155001202510
0403020042155002202510
0403020050105001202510
0403020050105002202510
0403020050105003202510
0403020050105004202510
0403020050105005202510
0403020050132005202510
0403020050155001202510
0403020050155002202510
0403020069105001202510
0403020069105002202510
0403020069105003202510
0403020069105004202510
0403020069105005202510
0403020069132005202510
0403020069155001202510
0403020069155002202510
0403020093105001202510
0403020093105002202510
0403020093105003202510
0403020093105004202510
0403020093105005202510
0403020093132005202510
0403020115105001202510
0403020115105002202510
0403020115105003202510
0403020115105004202510
0403020115105005202510
0403020115132005202510
0403020115155001202510
0403020115155002202510
0403020131105001202510
0403020131105002202510
0403020131105003202510
0403020131105004202510
0403020131105005202510
0403020131132005202510
0403020131155001202510
0403020131155002202510
0403030013105001202510
0403030013105002202510
0403030013105003202510
0403030013105004202510
0403030013105005202510
0403030013132005202510
0403030021105001202510
0403030021105002202510
0403030021105003202510
0403030021105004202510
0403030021105005202510
0403030021132005202510
0403030030105001202510
0403030030105002202510
0403030030105003202510
0403030030105004202510
0403030030105005202510
0403030030132005202510
0403030048105001202510
0403030048105002202510
0403030048105003202510
0403030048105004202510
0403030048105005202510
0403030048132005202510
0403030056105001202510
0403030056105002202510
0403030056105003202510
0403030056105004202510
0403030056105005202510
0403030056132005202510
0403030064105001202510
0403030064105002202510
0403030064105003202510
0403030064105004202510
0403030064105005202510
0403030064132005202510
0403030080105001202510
0403030080105002202510
0403030080105003202510
0403030080105004202510
0403030080105005202510
0403030080132005202510
0403030099105001202510
0403030099105002202510
0403030099105003202510
0403030099105004202510
0403030099105005202510
0403030099132005202510
0403030102105001202510
0403030102105002202510
0403030102105003202510
0403030102105004202510
0403030102105005202510
0403030102132005202510
0403030110105001202510
0403030110105002202510
0403030110105003202510
0403030110105004202510
0403030110105005202510
0403030110132005202510
0403030129105001202510
0403030129105002202510
0403030129105003202510
0403030129105004202510
0403030129105005202510
0403030129132005202510
0403030137105001202510
0403030137105002202510
0403030137105003202510
0403030137105004202510
0403030137105005202510
0403030137132005202510
0403030145105001202510
0403030145105002202510
0403030145105003202510
0403030145105004202510
0403030145105005202510
0403030145132005202510
0403030153105001202510
0403030153105002202510
0403030153105003202510
0403030153105004202510
0403030153105005202510
0403030153132005202510
0403030161105001202510
0403030161105002202510
0403030161105003202510
0403030161105004202510
0403030161105005202510
0403030161132005202510
0403040019105001202510
0403040019105002202510
0403040019105003202510
0403040019105004202510
0403040019105005202510
0403040027105001202510
0403040027105002202510
0403040027105003202510
0403040027105004202510
0403040027105005202510
0403040027132005202510
0403040051105001202510
0403040051105002202510
0403040051105003202510
0403040051105004202510
0403040051105005202510
0403040060105001202510
0403040060105002202510
0403040060105003202510
0403040060105004202510
0403040060105005202510
0403040078105001202510
0403040078105002202510
0403040078105003202510
0403040078105004202510
0403040078105005202510
0403040086105001202510
0403040086105002202510
0403040086105003202510
0403040086105004202510
0403040086105005202510
0403040086132005202510
0403040094105001202510
0403040094105002202510
0403040094105003202510
0403040094105004202510
0403040094105005202510
0403040108105001202510
0403040108105002202510
0403040108105003202510
0403040108105004202510
0403040108105005202510
0403040116105001202510
0403040116105002202510
0403040116105003202510
0403040116105004202510
0403040116105005202510
0403040124105001202510
0403040124105002202510
0403040124105003202510
0403040124105004202510
0403040124105005202510
0403050030105001202510
0403050030105002202510
0403050030105003202510
0403050030105004202510
0403050030105005202510
0403050030132005202510
0403050049105001202510
0403050049105002202510
0403050049105003202510
0403050049105004202510
0403050049105005202510
0403050049132005202510
0403050057105001202510
0403050057105002202510
0403050057105003202510
0403050057105004202510
0403050057105005202510
0403050057105008202510
0403050065105001202510
0403050065105002202510
0403050065105003202510
0403050065105004202510
0403050065105005202510
0403050065132005202510
0403050073105001202510
0403050073105002202510
0403050073105003202510
0403050073105004202510
0403050073105005202510
0403050073132005202510
0403050090105001202510
0403050090105002202510
0403050090105003202510
0403050090105004202510
0403050090105005202510
0403050090132005202510
0403050103105001202510
0403050103105002202510
0403050103105003202510
0403050103105004202510
0403050103105005202510
0403050103132005202510
0403050154105001202510
0403050154105002202510
0403050154105003202510
0403050154105004202510
0403050154105005202510
0403050154132005202510
0403050162105001202510
0403050162105002202510
0403050162105003202510
0403050162105004202510
0403050162105005202510
0403050162132005202510
0403060010105006202510
0403060028105006202510
0403060036105006202510
0403060044105006202510
0403060052105006202510
0403060060105006202510
0403060079105006202510
0403060087105006202510
0403060095105006202510
0403070015105007202510
0403070040105007202510
0403070058105007202510
0403070082105007202510
0403070090105007202510
0403070104105007202510
0403070112105007202510
0403070120105007202510
0403070139105007202510
0403070139132005202510
0403070147105007202510
0403070155105007202510
0403070163105007202510
0403070171105007202510
0403080010105008202510
0403080029105008202510
0403080037105008202510
0403080045105008202510
0403080053105008202510
0403080061105008202510
0403080070105008202510
0403080088105008202510
0403080096105008202510
0403080100105008202510
0404010563153002202510
0404010571107008202510
0404010580107008202510
0404010598107008202510
0404010601107008202510
0404010610107008202510
0404010628107008202510
0404010636107008202510
0404010644107008202510
0404010652107008202510
0404020445114006202510
0404020445114007202510
0405010010131003202510
0405010028131003202510
0405010036131003202510
0405010044131003202510
0405010052131003202510
0405010060131003202510
0405010079131003202510
0405010087131003202510
0405010109131003202510
0405010117131003202510
0405010125131003202510
0405010125132001202510
0405010125132005202510
0405010133131003202510
0405010133132001202510
0405010133132005202510
0405010141131003202510
0405010150131003202510
0405010168131003202510
0405010176131003202510
0405010184131003202510
0405010192131003202510
0405010206131003202510
0405020015131003202510
0405020023131003202510
0405030010131003202510
0405030010132001202510
0405030010132005202510
0405030029131003202510
0405030037131003202510
0405030045131003202510
0405030053131003202510
0405030070131003202510
0405030096131003202510
0405030100131003202510
0405030118131003202510
0405030126131003202510
0405030126132001202510
0405030126132005202510
0405030134131003202510
0405030142131003202510
0405030150131003202510
0405030169131003202510
0405030177131003202510
0405030185131003202510
0405030193131003202510
0405030207131003202510
0405030215131003202510
0405030223131003202510
0405030231131003202510
0405040016131003202510
0405040024131003202510
0405040024132001202510
0405040024132005202510
0405040040131003202510
0405040059131003202510
0405040067131003202510
0405040067132001202510
0405040067132005202510
0405040075131003202510
0405040075132001202510
0405040075132005202510
0405040083131003202510
0405040083132001202510
0405040083132005202510
0405040091131003202510
0405040091132001202510
0405040091132005202510
0405040105131003202510
0405040130131003202510
0405040148131003202510
0405040148132001202510
0405040148132005202510
0405040156131003202510
0405040156132001202510
0405040156132005202510
0405040164131003202510
0405040164132001202510
0405040164132005202510
0405040180131003202510
0405040199131003202510
0405040202131003202510
0405040210131003202510
0405050011131003202510
0405050020131003202510
0405050038131003202510
0405050046131003202510
0405050054131003202510
0405050062131003202510
0405050070131003202510
0405050089131003202510
0405050089132001202510
0405050089132005202510
0405050097131003202510
0405050100131003202510
0405050119131003202510
0405050127131003202510
0405050135131003202510
0405050143131003202510
0405050151131003202510
0405050160131003202510
0405050178131003202510
0405050186131003202510
0405050194131003202510
0405050208131003202510
0405050208132001202510
0405050208132005202510
0405050216131003202510
0405050224131003202510
0405050232131003202510
0405050240131003202510
0405050259131003202510
0405050267131003202510
0405050283131003202510
0405050291131003202510
0405050305131003202510
0405050313131003202510
0405050321131003202510
0405050356131003202510
0405050364131003202510
0405050372131003202510
0405050380131003202510
0405050399131003202510
0406010013116003202510
0406010021116002202510
0406010021116003202510
0406010048116002202510
0406010048116003202510
0406010056116002202510
0406010056116003202510
0406010064116002202510
0406010064116003202510
0406010072116002202510
0406010072116003202510
0406010080116002202510
0406010080116003202510
0406010099116002202510
0406010099116003202510
0406010137116002202510
0406010137116003202510
0406010137116004202510
0406010153116003202510
0406010161116002202510
0406010161116003202510
0406010170116002202510
0406010170116003202510
0406010188116002202510
0406010188116003202510
0406010196116003202510
0406010200116002202510
0406010200116003202510
0406010218116002202510
0406010218116003202510
0406010226116003202510
0406010234116002202510
0406010234116003202510
0406010242116002202510
0406010242116003202510
0406010250116003202510
0406010269116003202510
0406010277116003202510
0406010285116003202510
0406010293116002202510
0406010293116003202510
0406010307116002202510
0406010307116003202510
0406010315116002202510
0406010315116003202510
0406010323116002202510
0406010323116003202510
0406010331116003202510
0406010340116002202510
0406010340116003202510
0406010358116002202510
0406010358116003202510
0406010366116003202510
0406010374116003202510
0406010382116002202510
0406010382116003202510
0406010390116002202510
0406010390116003202510
0406010404116002202510
0406010404116003202510
0406010420116003202510
0406010439116002202510
0406010439116003202510
0406010447116003202510
0406010455116002202510
0406010455116003202510
0406010463116003202510
0406010471116003202510
0406010480116002202510
0406010480116003202510
0406010498116003202510
0406010501116002202510
0406010501116003202510
0406010528116002202510
0406010528116003202510
0406010536116002202510
0406010536116003202510
0406010544116002202510
0406010544116003202510
0406010552116002202510
0406010552116003202510
0406010560116002202510
0406010560116003202510
0406010579116002202510
0406010579116003202510
0406010617116002202510
0406010617116005202510
0406010722116002202510
0406011230116002202510
0406011230116003202510
0406011249116002202510
0406011249116003202510
0406011257116002202510
0406011257116003202510
0406011265116002202510
0406011265116003202510
0406011273116002202510
0406011273116003202510
0406011281116002202510
0406011281116003202510
0406011290116002202510
0406011290116003202510
0406011303116002202510
0406011303116003202510
0406011311116002202510
0406011311116003202510
0406011320116002202510
0406011320116003202510
0406011338116002202510
0406011338116003202510
0406011346116002202510
0406011346116003202510
0406011354116002202510
0406011354116003202510
0406011362116002202510
0406011362116003202510
0406011370116002202510
0406011370116003202510
0406011389116002202510
0406011389116003202510
0406011397116002202510
0406011397116003202510
0406011400116002202510
0406011400116003202510
0406011419116002202510
0406011419116003202510
0406011427116002202510
0406011427116003202510
0406011435116002202510
0406011435116003202510
0406011443116002202510
0406011443116003202510
0406011451116002202510
0406011451116003202510
0406011460116002202510
0406011460116003202510
0406011478116002202510
0406011478116003202510
0406011486116002202510
0406011486116003202510
0406011494116002202510
0406011494116003202510
0406011508116002202510
0406011508116003202510
0406011516116002202510
0406011516116003202510
0407010122127001202510
0407010173127001202510
0407010181127001202510
0407010360127001202510
0407010378127001202510
0407030085121006202510
0407030093121006202510
0407030107121006202510
0407030115121006202510
0407030239121006202510
0407030255142001202510
0409010189169002202510
0409050130153002202510
0409050148153002202510
0409050164153002202510
0409060291153002202510
0409070319153002202510
0410010197153002202510
0410010200153002202510
0410010219132005202510
0413010015117002202510
0413010015140019202510
0413010031117002202510
0413010040117002202510
0413010058117002202510
0413010066117002202510
0413010066140019202510
0413010074117002202510
0413010082117002202510
0413010082140012202510
0413010082140019202510
0413010090117002202510
0413010090140006202510
0413010090140019202510
0413030016117001202510
0413030024117001202510
0413030032117001202510
0413030040117001202510
0413030040117003202510
0413030059117001202510
0413030067117001202510
0413030075117001202510
0413030083117001202510
0413040038127001202510
0413040054127001202510
0413040062127001202510
0413040070127001202510
0413040089127001202510
0413040259127001202510
0415020018127001202510
0415020050132005202510
0416010016132005202510
0416010024132005202510
0416010040132005202510
0416010075132005202510
0416010091132005202510
0416010113132005202510
0416010121132005202510
0416010130132005202510
0416010164132005202510
0416010172132005202510
0416010180132005202510
0416010199132005202510
0416010202132005202510
0416010210132005202510
0416010229132005202510
0416020020132005202510
0416020151132005202510
0416020160132005202510
0416020178132005202510
0416020186132005202510
0416020194132005202510
0416020208132005202510
0416020216132005202510
0416020224132005202510
0416020232132005202510
0416020240132005202510
0416020259132005202510
0416030025132005202510
0416030033132005202510
0416030041132005202510
0416030068132005202510
0416030076132005202510
0416030084132005202510
0416030092132005202510
0416030149132005202510
0416030157132005202510
0416030165132005202510
0416030173132005202510
0416030181132005202510
0416030190132005202510
0416030203132005202510
0416030211132005202510
0416030220132005202510
0416030238132005202510
0416030246132005202510
0416030254132005202510
0416030262132005202510
0416030270132005202510
0416030289132005202510
0416030297132005202510
0416030300132005202510
0416030319132005202510
0416030327132005202510
0416030335132005202510
0416030343132005202510
0416030351132005202510
0416030360132005202510
0416040012132005202510
0416040020132005202510
0416040039132005202510
0416040047132005202510
0416040055132005202510
0416040071132005202510
0416040101132005202510
0416040110132005202510
0416040128132005202510
0416040144132005202510
0416040179132005202510
0416040187132005202510
0416040195132005202510
0416040209132005202510
0416040217132005202510
0416040225132005202510
0416040233132005202510
0416040241132005202510
0416040250132005202510
0416040268132005202510
0416040276132005202510
0416040284132005202510
0416040292132005202510
0416040306132003202510
0416040306132005202510
0416040314132005202510
0416040322132005202510
0416040330132005202510
0416040349132005202510
0416050018132005202510
0416050026132005202510
0416050034132005202510
0416050050132005202510
0416050077132005202510
0416050093132005202510
0416050107132005202510
0416050115132005202510
0416050123132005202510
0416060013132005202510
0416060021132005202510
0416060030132005202510
0416060056132005202510
0416060064132005202510
0416060080132005202510
0416060099132005202510
0416060102132005202510
0416060110132005202510
0416060129132005202510
0416060137132005202510
0416080014132005202510
0416080030132005202510
0416080081132005202510
0416080090132005202510
0416080111132005202510
0416080120132005202510
0416090010132005202510
0416090028132005202510
0416090036132005202510
0416090079132005202510
0416090109132005202510
0416090117132005202510
0416090125132005202510
0416090133132005202510
0416110010132005202510
0416110029132005202510
0416110037132005202510
0416110045132005202510
0416110053132005202510
0416110061132005202510
0416110070132005202510
0416110088132005202510
0416120024132005202510
0416120032132005202510
0416120040132005202510
0416120059132005202510
0418010013150002202510
0418010021150002202510
0418010030150001202510
0418010048130003202510
0418010064130003202510
0418010080130003202510
0418010099130003202510
0418020019130003202510
0418020027130003202510
0418020035130003202510
0501010017128001202510
0501060014121001202510
0501060014121007202510
0501060014149015202510
0501060022149015202510
0501060022151001202510
0501060022151003202510
0501060030121002202510
0501060030121008202510
0501060030149015202510
0501060049122004202510
0501060049122008202510
0501060049149015202510
0501060057121001202510
0501060057121002202510
0501060057121007202510
0501060057121008202510
0501060057122004202510
0501060057122008202510
0501060057149015202510
0501060057151001202510
0501060057151003202510
0501070028145003202510
0501070036145003202510
0501080031145008202510
0501080104145008202510
0502010010149015202510
0502010029149015202510
0503010014149015202510
0503010022149015202510
0503030015149015202510
0503030023149015202510
0503030031149015202510
0503030040149015202510
0503030058149015202510
0503030058149016202510
0503030066149015202510
0503030074149015202510
0503030082149015202510
0503030090149015202510
0503030104149015202510
0503030112154003202510
0503040010149015202510
0503040029149015202510
0503040037149015202510
0503040045149015202510
0503040053149015202510
0503040061149015202510
0503040088149015202510
0504020013154002202510
0504020021154002202510
0504020030154002202510
0504020048154002202510
0504020056154002202510
0504030027154001202510
0504050010154003202510
0505010143149017202510
0506010058149015202510
0506010066149014202510
0506010074149014202510
0506010082149014202510
0506010090149014202510
0506010104149014202510
0506010112149014202510
0506010120149014202510
0506010139149014202510
0603010016125006202510
0603020011125006202510
0603020020125006202510
0603020038125006202510
0603020046125006202510
0603020054125006202510
0603020097125006202510
0603030017125006202510
0603030033125006202510
0603040012125006202510
0603050018125006202510
0603050026125006202510
0603050034125006202510
0603050042125006202510
0603050050125006202510
0603050069125006202510
0603050085125006202510
0603050093125006202510
0603050107125006202510
0603050115103003202510
0603050115103005202510
0603050115103012202510
0603050123103003202510
0603050123103005202510
0603050123103012202510
0603060013125006202510
0603070019125006202510
0603080014125006202510
0603080022125006202510
0603080030125006202510
0603080049125006202510
0603080057125006202510
0603080065125006202510
0603080081125006202510
0603080103125006202510
0603080120125006202510
0603080138125006202510
0603080146125006202510
0603080162125006202510
0603080170125006202510
0603080189125006202510
0603080197125006202510
0603080200125006202510
0603080219125006202510
0603080227125006202510
0603080278125006202510
0603080286125006202510
0603080294125006202510
0603090010168003202510
0603090028168003202510
0604010010125001202510
0604010028125001202510
0604010036125001202510
0604010044125001202510
0604010052125001202510
0604010060125001202510
0604010079125001202510
0604010087125001202510
0604010095125001202510
0604010109125001202510
0604020015125001202510
0604020023125001202510
0604020031125001202510
0604020040125001202510
0604020058125001202510
0604030010125001202510
0604030037125001202510
0604030045125001202510
0604030053125001202510
0604030061125001202510
0604040016125001202510
0604040024125001202510
0604040032125001202510
0604040040125001202510
0604040059125001202510
0604040067125001202510
0604040075125001202510
0604040091125001202510
0604050011125001202510
0604050020125001202510
0604050038125001202510
0604050046125001202510
0604050054125001202510
0604050062125001202510
0604050070125001202510
0604050089125001202510
0604050097125001202510
0604050100125001202510
0604050119125001202510
0604060017125001202510
0604060025125001202510
0604070012125001202510
0604080018125001202510
0604080026125001202510
0604080034125001202510
0604090013125001202510
0604100019125001202510
0604100027125001202510
0604100035125001202510
0604110014125001202510
0604110022125001202510
0604110030125001202510
0604110049125001202510
0604110057125001202510
0604110065125001202510
0604110073125001202510
0604110081125001202510
0604120010125001202510
0604130015125001202510
0604130023125001202510
0604130031125001202510
0604130040125001202510
0604130058125001202510
0604130066125001202510
0604130074125001202510
0604130082125001202510
0604130090125001202510
0604130104125001202510
0604130112125001202510
0604130120125001202510
0604130139125001202510
0604140029125001202510
0604140037125001202510
0604150016125001202510
0604150024125001202510
0604160011125001202510
0604160020125001202510
0604160046125001202510
0604160054125001202510
0604160062125001202510
0604170017125001202510
0604170025125001202510
0604170033125001202510
0604170041125001202510
0604170050125001202510
0604180012125001202510
0604180020125001202510
0604190018125001202510
0604200013125001202510
0604210019125001202510
0604210027125001202510
0604220014125001202510
0604230010125001202510
0604230028125001202510
0604230036125001202510
0604230044125001202510
0604230052125001202510
0604230060125001202510
0604230079125001202510
0604230087125001202510
0604240023125001202510
0604240031125001202510
0604240058125001202510
0604240066125001202510
0604240074125001202510
0604240082125001202510
0604240090125001202510
0604240104125001202510
0604240112125001202510
0604240120125001202510
0604250010125001202510
0604250037125001202510
0604250045125001202510
0604260016125001202510
0604270011125001202510
0604270020125001202510
0604270038125001202510
0604270046125001202510
0604270054125001202510
0604270062125001202510
0604270070125001202510
0604270089125001202510
0604270097125001202510
0604270100125001202510
0604270119125001202510
0604280068125001202510
0604280076125001202510
0604280084125001202510
0604280092125001202510
0604280106125001202510
0604290012125001202510
0604290020125001202510
0604290039125001202510
0604290047125001202510
0604290063125001202510
0604290071125001202510
0604290080125001202510
0604310013125001202510
0604310021125001202510
0604310030125001202510
0604310048125001202510
0604310056125001202510
0604310064125001202510
0604320019125001202510
0604320027125001202510
0604320035125001202510
0604320043125001202510
0604320051125001202510
0604320060125001202510
0604320078125001202510
0604320086125001202510
0604320094125001202510
0604320116125001202510
0604320124125001202510
0604320132125001202510
0604320140125001202510
0604320159125001202510
0604320167125001202510
0604320175125001202510
0604320183125001202510
0604320191125001202510
0604320205125001202510
0604320213125001202510
0604320221125001202510
0604330014125001202510
0604330022125001202510
0604330030125001202510
0604330049125001202510
0604330057125001202510
0604330065125001202510
0604330073125001202510
0604330081125001202510
0604330090125001202510
0604330103125001202510
0604330111125001202510
0604330120125001202510
0604340010125001202510
0604340028125001202510
0604340036125001202510
0604340044125001202510
0604340052125001202510
0604340060125001202510
0604340079125001202510
0604350015125001202510
0604350023125001202510
0604350031125001202510
0604360010125001202510
0604360029125001202510
0604360037125001202510
0604360045125001202510
0604360053125001202510
0604360061125001202510
0604360070125001202510
0604360088125001202510
0604360096125001202510
0604360100125001202510
0604360118125001202510
0604360126125001202510
0604370016125001202510
0604370024125001202510
0604370032125001202510
0604380011125001202510
0604380020125001202510
0604380038125001202510
0604380046125001202510
0604380054125001202510
0604380062125001202510
0604380070125001202510
0604380089125001202510
0604380097125001202510
0604380100125001202510
0604380119125001202510
0604380127125001202510
0604380135125001202510
0604390017125001202510
0604390025125001202510
0604390033125001202510
0604390084125001202510
0604390092125001202510
0604390106125001202510
0604390114125001202510
0604400012125001202510
0604410018125001202510
0604410026125001202510
0604410034125001202510
0604420013125001202510
0604430019125001202510
0604440014125001202510
0604470010125001202510
0604470029125001202510
0604470037125001202510
0604470045125001202510
0604470053125001202510
0604480016125001202510
0604480024125001202510
0604490011125001202510
0604490020125001202510
0604500017125001202510
0604500025125001202510
0604500033125001202510
0604500041125001202510
0604500050125001202510
0604500068125001202510
0604500076125001202510
0604500084125001202510
0604500092125001202510
0604500106125001202510
0604500114125001202510
0604500122125001202510
0604500130125001202510
0604500149125001202510
0604510012125001202510
0604510020125001202510
0604510039125001202510
0604510047125001202510
0604520018125001202510
0604520026125001202510
0604530013125001202510
0604530021125001202510
0604530030125001202510
0604540019125001202510
0604540027125001202510
0604540035125001202510
0604540043125001202510
0604540060125001202510
0604540078125001202510
0604550014125001202510
0604550022125001202510
0604560010125001202510
0604570015125001202510
0604570023125001202510
0604570031125001202510
0604580010125001202510
0604580029125001202510
0604590016125001202510
0604590024125001202510
0604600011125001202510
0604600020125001202510
0604610017125001202510
0604610025125001202510
0604610033125001202510
0604620012125001202510
0604620020125001202510
0604620039125001202510
0604620047125001202510
0604630018125001202510
0604630026125001202510
0604630034125001202510
0604630042125001202510
0604630050125001202510
0604630069125001202510
0604630077125001202510
0604650019125001202510
0604650027125001202510
0604650035125001202510
0604660014125001202510
0604660022125001202510
0604660030125001202510
0604670010125001202510
0604680023125001202510
0604680031125001202510
0604680040125001202510
0604680058125001202510
0604680066125001202510
0604680074125001202510
0604690010125001202510
0604690029125001202510
0604690037125001202510
0604690045125001202510
0604690053125001202510
0604700016125001202510
0604710011125001202510
0604710020125001202510
0604720017125001202510
0604720025125001202510
0604730012125001202510
0604740018125001202510
0604750013125001202510
0604750021125001202510
0604750030125001202510
0604750048125001202510
0604770014125001202510
0604770022125001202510
0604770030125001202510
0604780010125001202510
0604780036125001202510
0604780044125001202510
0604780052125001202510
0604780060125001202510
0604790015125001202510
0604800010125001202510
0604800029125001202510
0604810016125001202510
0604820011125001202510
0604830017125001202510
0604830025125001202510
0604830033125001202510
0604840012125001202510
0604840020125001202510
0604850018125001202510
0604850026125001202510
0604860013125001202510
0604860021125001202510
0604860030125001202510
0604870019125001202510
0604870027125001202510
0604870035125001202510
0604870043125001202510
0701010010135007202510
0701010010135008202510
0701010010164001202510
0701010029135007202510
0701010029135008202510
0701010029164001202510
0701010037135007202510
0701010037135008202510
0701010037164001202510
0701010037164012202510
0701010045135007202510
0701010045135008202510
0701010045164001202510
0701010053135007202510
0701010053135008202510
0701010053164001202510
0701010053164012202510
0701010061135007202510
0701010061135008202510
0701010061164001202510
0701010061164012202510
0701010070135007202510
0701010070135008202510
0701010070164001202510
0701010088135007202510
0701010088135008202510
0701010088164001202510
0701010088164012202510
0701010096135007202510
0701010096135008202510
0701010096164001202510
0701010096164012202510
0701010100135007202510
0701010100135008202510
0701010100164001202510
0701010118135007202510
0701010118135008202510
0701010118164001202510
0701010126135007202510
0701010126135008202510
0701010126164001202510
0701010134135007202510
0701010134135008202510
0701010134164001202510
0701010142135007202510
0701010142135008202510
0701010142164001202510
0701010142164012202510
0701010150135007202510
0701010150135008202510
0701010150164001202510
0701010150164012202510
0701010169135007202510
0701010169135008202510
0701010169164001202510
0701010169164012202510
0701010177135007202510
0701010177135008202510
0701010177164001202510
0701010177164012202510
0701010185135007202510
0701010185135008202510
0701010185164002202510
0701010193135007202510
0701010193135008202510
0701010193164002202510
0701010207135007202510
0701010207135008202510
0701010207164001202510
0701010207164002202510
0701010207164012202510
0701010215135007202510
0701010215135008202510
0701010215164001202510
0701010215164002202510
0701010215164012202510
0701010223135007202510
0701010223135008202510
0701010223164001202510
0701010223164002202510
0701010231135007202510
0701010231135008202510
0701010231164001202510
0701010231164002202510
0701010240135007202510
0701010240135008202510
0701010240164001202510
0701010240164002202510
0701010258135007202510
0701010258135008202510
0701010258164001202510
0701010258164002202510
0701010258164012202510
0701010266135007202510
0701010266135008202510
0701010266164001202510
0701010266164002202510
0701010266164012202510
0701010274135007202510
0701010274135008202510
0701010274164001202510
0701010274164002202510
0701010274164012202510
0701010282135007202510
0701010282135008202510
0701010282164001202510
0701010282164002202510
0701010282164012202510
0701010290135007202510
0701010290135008202510
0701010290164001202510
0701010290164002202510
0701010290164012202510
0701010304135007202510
0701010304135008202510
0701010304164001202510
0701010304164002202510
0701010304164012202510
0701010312135007202510
0701010312135008202510
0701010312164001202510
0701010312164002202510
0701010312164012202510
0701010320135007202510
0701010320135008202510
0701010320164001202510
0701010320164002202510
0701010320164012202510
0701010339135007202510
0701010339135008202510
0701010339164001202510
0701010339164002202510
0701010339164012202510
0701020016135007202510
0701020016135008202510
0701020016164001202510
0701020016164012202510
0701020024135007202510
0701020024135008202510
0701020024164001202510
0701020024164012202510
0701020032135007202510
0701020032135008202510
0701020032164001202510
0701020032164012202510
0701020040135007202510
0701020040135008202510
0701020040164001202510
0701020040164012202510
0701020059135007202510
0701020059135008202510
0701020059164001202510
0701020059164012202510
0701020067135007202510
0701020067135008202510
0701020067164001202510
0701020067164012202510
0701020075135007202510
0701020075135008202510
0701020075164001202510
0701020083135007202510
0701020083135008202510
0701020083164001202510
0701020083164012202510
0701020091135007202510
0701020091135008202510
0701020091164001202510
0701020091164012202510
0701020105135007202510
0701020105135008202510
0701020105164001202510
0701020105164012202510
0701020113135007202510
0701020113135008202510
0701020113164001202510
0701020121135007202510
0701020121135008202510
0701020121164001202510
0701020121164012202510
0701020130135007202510
0701020130135008202510
0701020130164001202510
0701020130164012202510
0701020148135007202510
0701020148135008202510
0701020148164001202510
0701020148164012202510
0701020156135007202510
0701020156135008202510
0701020156164001202510
0701020164135007202510
0701020164135008202510
0701020164164001202510
0701020172135007202510
0701020172135008202510
0701020172164001202510
0701020172164012202510
0701020180135007202510
0701020180135008202510
0701020180164001202510
0701020180164012202510
0701020199135007202510
0701020199135008202510
0701020199164001202510
0701020199164012202510
0701020202135007202510
0701020202135008202510
0701020202164001202510
0701020202164012202510
0701020210135007202510
0701020210135008202510
0701020210164001202510
0701020210164012202510
0701020229135007202510
0701020229135008202510
0701020229164001202510
0701020229164012202510
0701020237135007202510
0701020237135008202510
0701020237164001202510
0701020237164012202510
0701020245135007202510
0701020245135008202510
0701020245164001202510
0701020245164012202510
0701020253135007202510
0701020253135008202510
0701020253164001202510
0701020253164012202510
0701020261135007202510
0701020261135008202510
0701020261164001202510
0701020270135007202510
0701020270135008202510
0701020270164001202510
0701020288135007202510
0701020288135008202510
0701020288164001202510
0701020288164012202510
0701020296135007202510
0701020296135008202510
0701020296164001202510
0701020300135007202510
0701020300135008202510
0701020300164001202510
0701020300164012202510
0701020318135007202510
0701020318135008202510
0701020318164001202510
0701020318164012202510
0701020326135007202510
0701020326135008202510
0701020326164001202510
0701020334135007202510
0701020334135008202510
0701020334164001202510
0701020342135007202510
0701020342135008202510
0701020342164001202510
0701020342164012202510
0701020350135007202510
0701020350135008202510
0701020350164001202510
0701020350164012202510
0701020369135007202510
0701020369135008202510
0701020369164001202510
0701020369164012202510
0701020377135007202510
0701020377135008202510
0701020377164001202510
0701020377164012202510
0701020385135007202510
0701020385135008202510
0701020385164001202510
0701020385164012202510
0701020393135007202510
0701020393135008202510
0701020393164001202510
0701020393164012202510
0701020407135007202510
0701020407135008202510
0701020407164001202510
0701020407164012202510
0701020415135007202510
0701020415135008202510
0701020415164001202510
0701020415164012202510
0701020423135007202510
0701020423135008202510
0701020423164001202510
0701020423164012202510
0701020431135007202510
0701020431135008202510
0701020431164001202510
0701020431164012202510
0701020440135007202510
0701020440135008202510
0701020440164001202510
0701020440164012202510
0701020458135007202510
0701020458135008202510
0701020458164001202510
0701020458164012202510
0701020466135007202510
0701020466135008202510
0701020466164001202510
0701020466164012202510
0701020474135007202510
0701020474135008202510
0701020474164001202510
0701020474164012202510
0701020482135007202510
0701020482135008202510
0701020482164001202510
0701020482164012202510
0701020490135007202510
0701020490135008202510
0701020490164001202510
0701020490164012202510
0701020504135007202510
0701020504135008202510
0701020504164001202510
0701020504164012202510
0701020512135007202510
0701020512135008202510
0701020512164001202510
0701020520135007202510
0701020520135008202510
0701020520164001202510
0701020520164012202510
0701020539135007202510
0701020539135008202510
0701020539164001202510
0701020539164012202510
0701020547135007202510
0701020547135008202510
0701020547164001202510
0701020547164012202510
0701020555135007202510
0701020555135008202510
0701020555164001202510
0701020555164012202510
0701020563135007202510
0701020563135008202510
0701020563164001202510
0701020563164012202510
0701020571135007202510
0701020571135008202510
0701020571164001202510
0701020571164002202510
0701020580135007202510
0701020580135008202510
0701020580164001202510
0701020580164002202510
0701020598135007202510
0701020598135008202510
0701020598164001202510
0701020601135007202510
0701020601135008202510
0701020601164001202510
0701020610135007202510
0701020610135008202510
0701020610164001202510
0701020628135007202510
0701020628135008202510
0701020628164001202510
0701020628164012202510
0701020636135007202510
0701020636135008202510
0701020636164001202510
0701020636164012202510
0701020644135007202510
0701020644135008202510
0701020644164001202510
0701020644164012202510
0701020652135007202510
0701020652135008202510
0701020652164001202510
0701030011164005202510
0701030020164005202510
0701030038164005202510
0701030046164005202510
0701030054164005202510
0701030062164005202510
0701030070164005202510
0701030089164005202510
0701030097164005202510
0701030100164005202510
0701030119164005202510
0701030127164005202510
0701030135164005202510
0701030143164005202510
0701030151164005202510
0701030160164005202510
0701030178164005202510
0701030186164005202510
0701030194164005202510
0701030208164005202510
0701030216164005202510
0701030224164005202510
0701030232164005202510
0701030240164005202510
0701030259164005202510
0701030267164005202510
0701030275164005202510
0701030283164005202510
0701030291164005202510
0701030305164006202510
0701030321164005202510
0701030321164006202510
0701030348107008202510
0701030356132005202510
0701040017164007202510
0701040025164007202510
0701040033164007202510
0701040041164007202510
0701040050164007202510
0701040068164007202510
0701040092164007202510
0701040106164007202510
0701040114164007202510
0701040122164007202510
0701040130164007202510
0701040149164008202510
0701040157164008202510
0701050012135012202510
0701050012135013202510
0701050012164010202510
0701050020135012202510
0701050020135013202510
0701050020164010202510
0701050047135012202510
0701050047135013202510
0701050047164010202510
0701060018135012202510
0701060018135013202510
0701060018164011202510
0701060026135012202510
0701060026135013202510
0701060026164011202510
0701060034135012202510
0701060034135013202510
0701060034164011202510
0701060042135012202510
0701060042135013202510
0701070099157001202510
0701070102157001202510
0701070129157001202510
0701070137157001202510
0701070145157001202510
0701070161123007202510
0701070161123008202510
0701070170123007202510
0701070170123008202510
0701080027123008202510
0701080043123008202510
0701080051123008202510
0701080060123008202510
0701080078123008202510
0701080086123008202510
0701080094123008202510
0701080132123008202510
0701080140123008202510
0701080159123008202510
0701080167123008202510
0701080175123008202510
0701080183123008202510
0701080191123008202510
0701090014164009202510
0701090022164009202510
0701090030164009202510
0701090049164009202510
0701090057164009202510
0701090065164009202510
0701090073164009202510
0701090081164009202510
0701090090164009202510
0701090103107008202510
0701090111107008202510
0701090120107008202510
0701090138107008202510
0701090146107008202510
0701090154107008202510
0701090162107008202510
0701090170107008202510
0701090189107008202510
0701090197107008202510
0701090200107008202510
0701090219107008202510
0701090227107008202510
0701090235107008202510
0701100010123010202510
0701100028123010202510
0701100036123010202510
0701100044123010202510
0701100052123010202510
0701100060123010202510
0701100079123010202510
0701100087123010202510
0701100095123010202510
0701100109123010202510
0702070041131002202510
0702070050131002202510
0702090050107008202510
0702090069107008202510
0702090085107008202510
0702090093107008202510
0702100013130001202510
0702100021130001202510
0702100030130001202510
0702100048130001202510
0702100056130005202510
0702100064130005202510
0702100072130005202510
0702100080130001202510
0702100080130005202510
0702100099130001202510
0702100102130001202510
0804010013160001202510
0804010021160001202510
0804010030160002202510
0804010048160002202510
0804010056160009202510
0804010064160009202510
0804020019160010202510
0804020027160004202510
0804020035160007202510
0804020043160008202510
0804020051160006202510
0804030014160007202510
