01010200580001
01010200660001
01010200740001
01010200820001
01010200900001
02010101600012
02010103480001
02010104100012
02010105690012
02010105850012
02010106070012
02010106070014
02010106660014
02010106660012
02020102790012
02020102870012
02020102950012
02020103170012
02020104730012
02020105030012
02020106000012
02020106350012
02020106430012
02020106510012
02020106780012
02020106940012
02020107910012
02020203800012
02020500760008
02030100430014
02030100430012
02030200220014
02030200220012
02030200300012
02030200650012
02030200650014
02030200810012
02030200810014
02040100390014
02040100630014
02040100710014
02040100800014
02040100980014
02040101010014
02040101280014
02040101360014
02040101520014
02040200340012
02040200340014
02040200420014
02040200420012
02040200690014
02040200770014
02040200770012
02040200850012
02040200850014
02040200930012
02040200930014
02040201070012
02040201070014
02040201230014
02040201310012
02040300300014
02040300300012
02040300720014
02040300990014
02040301020014
02040301290014
02040301370014
02040301450014
02040301530014
02040301530012
02040301610014
02040301700014
02040400190014
02040400270014
02040400350012
02040400350014
02040400430014
02040400510014
02040400600014
02040400780012
02040400780014
02040400860014
02040400940014
02040400940012
02040401080014
02040401160012
02040401160014
02040401240014
02040401240012
02040501110014
02040501380014
02040501460014
02040600600014
02040600600012
02040600790014
02040600870014
02040600950012
02040600950014
02040601090012
02040601090014
02040601170014
02040601250014
02040601250012
02040601330014
02040601330012
02040601410012
02040601410014
02040601500014
02040601500012
02040601680014
02040601760014
02040601760012
02050100160012
02050100320012
02050100320004
02050100400014
02050100400004
02050100590014
02050200200014
02050200380014
02050200460014
02050200460004
02050200540014
02050200620014
02050200620012
02050200700014
02050200890012
02050200890014
02050200970012
02050200970014
02050201000014
02050201190012
02050201190014
02050201270014
02050201430014
02050201510014
02050201600012
02050201600014
02050201860012
02050201860014
02060100100012
02060100100014
02060100280012
02060100280014
02060100360012
02060100360014
02060100440014
02060100520014
02060100600014
02060100790014
02060200150012
02060200150014
02060200230012
02060200230014
02060200400014
02060300100014
02060300290014
02060300290012
02060300370014
02060300370012
02070100300012
02070100480012
02070100560012
02070200270012
02070300220012
02070300300012
02080100250012
02080100330012
02090100290012
02090100370012
02090100370004
02090300110012
02090400250012
02090400410012
02110200360012
02110200440012
02110200600012
02110400290014
02110400290012
02110400450014
02110501130012
02110600110014
02110600200012
02110600200014
02110600380012
02110600380014
02110600540014
02110601000012
02110601270014
02110601270012
02110601430014
02110601510014
02110601780014
02110601780012
02110602240012
02110602240014
02110602320014
02110602320012
02110602590012
02110602670014
02110602830014
02110700410012
02110702030012
02110702620012
02110800550004
03010100720014
03010100720012
03010101020014
03010103070012
03010103070014
03010401410014
03010401760014
03011300510009
03011300600009
03030500120014
03070100150001
03070100310001
03070100580001
03070200370001
03070200450001
03070200530001
03070200610001
03070200700001
03070200880001
03070200960001
03070201000001
03070201180001
03070300240001
03070300320001
03070300400001
03070300590001
03070401350001
03070401430001
03070401510001
03070401600001
03090300480014
04010100820001
04010200100014
04010200100015
04010200100013
04010200290015
04010200290014
04010200290013
04010200370013
04010200370014
04010200370015
04010200450013
04010200450015
04010200450014
04010200530014
04010200530013
04010200530015
04010200610014
04010200610013
04010200610015
04010200700013
04010200700014
04010200700015
04010200880013
04010200880014
04010200880015
04010200960015
04010200960013
04010200960014
04010201000015
04010201000014
04010201000013
04010201180015
04010201180013
04010201180014
04010201420014
04010201420013
04010201420015
04010201500014
04010201500013
04010201500015
04010201690013
04010201690015
04010201690014
04020100190013
04020100190015
04020100270015
04020100270013
04020100350015
04020100350013
04020100430015
04020100430013
04020100510015
04020100510013
04020200140015
04020200140013
04020200220013
04020200220015
04030100120015
04030100120013
04030100470015
04030100470013
04030100550015
04030100550013
04030100630013
04030100630015
04030100710013
04030100710015
04030100800013
04030100800015
04030100980015
04030100980013
04030101010015
04030101010013
04030101100015
04030101100013
04030101280013
04030101280015
04030101360015
04030101360013
04030101440015
04030101440013
04030101520015
04030101520014
04030101520013
04030101600013
04030101600015
04030101790015
04030101790014
04030101790013
04030101870013
04030101870015
04030102090013
04030102090015
04030102170015
04030102170013
04030102250013
04030102250015
04030102330015
04030102330013
04030102410013
04030102410015
04030102500015
04030102500013
04030103220015
04030103220013
04030103300015
04030103300013
04030103570013
04030103570015
04030103650015
04030103650013
04030103900015
04030103900013
04030200180015
04030200180013
04030200260015
04030200260013
04030200340013
04030200340015
04030200420013
04030200420015
04030200500013
04030200500015
04030200690015
04030200690013
04030200770014
04030200770015
04030200770013
04030200850013
04030200850015
04030200930015
04030200930013
04030201070015
04030201070014
04030201070013
04030201150015
04030201150013
04030201230013
04030201230015
04030201310015
04030201310013
04030300130013
04030300130015
04030300210015
04030300210013
04030300300015
04030300300013
04030300480013
04030300480015
04030300560015
04030300560013
04030300640013
04030300640015
04030300800013
04030300800015
04030300990013
04030300990015
04030301020013
04030301020015
04030301100013
04030301100015
04030301290015
04030301290013
04030301370015
04030301370013
04030301450015
04030301450013
04030301530015
04030301530013
04030301610015
04030301610013
04030400190015
04030400190013
04030400270013
04030400270015
04030400510015
04030400510013
04030400600015
04030400600013
04030400780013
04030400780015
04030400860015
04030400860013
04030400940015
04030400940013
04030401080013
04030401080015
04030401160013
04030401160015
04030401240015
04030401240013
04030500300015
04030500300013
04030500490013
04030500490015
04030500570015
04030500570013
04030500650015
04030500650013
04030500730013
04030500730015
04030500900015
04030500900013
04030501030013
04030501030015
04030501110015
04030501110013
04030501200013
04030501200015
04030501380015
04030501380013
04030501460015
04030501460013
04030501540015
04030501540013
04030501620015
04030501620013
04030600100015
04030600100013
04030600280013
04030600280015
04030600360015
04030600360013
04030600440013
04030600440015
04030600520015
04030600520013
04030600600015
04030600600013
04030600790013
04030600790015
04030700400015
04030700400013
04030700580015
04030700580013
04030700820013
04030700820015
04030700900015
04030700900013
04030701040015
04030701040013
04030701120013
04030701120015
04030701200013
04030701200015
04030701390015
04030701390013
04030701470013
04030701470015
04030701550015
04030701550013
04030701630013
04030701630015
04030800100013
04030800100015
04030800290013
04030800290015
04030800370015
04030800370013
04030800450015
04030800450013
04030800530013
04030800530015
04030800610015
04030800610013
04030800700015
04030800700013
04030800880013
04030800880015
04030800960013
04030800960015
04030801000015
04030801000013
04040100160014
04040100160013
04040100160015
04040100240013
04040100240015
04040100240014
04040100320013
04040100320014
04040100320015
04040100830013
04040100830015
04040101050015
04040101050013
04040101130014
04040101130013
04040101130015
04040101210014
04040101210015
04040101210013
04040101300013
04040101300015
04040101480015
04040101480013
04040101640013
04040101640015
04040101720013
04040101720015
04040101800015
04040101800013
04040101990015
04040101990013
04040102020014
04040102020015
04040102020013
04040102100013
04040102100015
04040102290013
04040102290015
04040102370013
04040102370015
04040102880015
04040102880013
04040103180013
04040103180014
04040103180015
04040103260015
04040103260014
04040103260013
04040103340014
04040103340015
04040103340013
04040103500013
04040103500014
04040103500015
04040103850013
04040103850014
04040103850015
04040104070015
04040104070014
04040104070013
04040104150014
04040104150015
04040104150013
04040104310013
04040104310015
04040104580015
04040104580013
04040104660015
04040104660013
04040104740013
04040104740015
04040104740014
04040104820015
04040104820014
04040104820013
04040104900013
04040104900014
04040104900015
04040105040013
04040105040015
04040105040014
04040105120013
04040105120014
04040105120015
04040105200014
04040105200013
04040105200015
04040105390013
04040105390015
04040105470015
04040105470013
04040105550014
04040105550015
04040105550013
04040105630013
04040105630015
04040105710013
04040105710015
04040105800013
04040105800015
04040105980013
04040105980015
04040106010013
04040106010015
04040106100015
04040106100013
04040106280015
04040106280013
04040106360015
04040106360013
04040106440013
04040106440015
04040106520015
04040106520013
04040200110015
04040200110013
04040200110014
04040200380015
04040200380014
04040200380013
04040200460015
04040200460014
04040200460013
04040200620015
04040200620013
04040200700014
04040200700013
04040200700015
04040200890015
04040200890013
04040200890014
04040201190014
04040201190013
04040201190015
04040201350013
04040201350015
04040201430013
04040201430015
04040201780014
04040201780013
04040201780015
04040202080015
04040202080013
04040202240015
04040202240013
04040202320015
04040202320013
04040202400013
04040202400015
04040202750015
04040202750013
04040202910013
04040202910015
04040203130014
04040203130013
04040203130015
04040203210013
04040203210015
04040203480013
04040203480014
04040203480015
04040203560014
04040203560013
04040203560015
04040203800013
04040203800015
04040203990013
04040203990015
04040204290015
04040204290014
04040204290013
04040204450001
04040204530015
04040204530013
04040204610013
04040204610015
04040204700015
04040204700013
04040204700014
04040204880001
04040204880015
04040204880014
04040204880013
04040204960015
04040204960013
04040205000013
04040205000015
04040205180013
04040205180015
04040205260015
04040205260014
04040205260013
04040205340015
04040205340013
04040205500013
04040205500015
04040205690015
04040205690013
04040205770001
04040205850013
04040205850015
04040205850014
04040205930014
04040205930013
04040205930015
04040206070015
04040206070014
04040206070013
04040206150001
04040206230001
04040206310001
04040206400013
04040206400015
04040206580015
04040206580013
04040206740001
04040206900013
04040206900015
04040207040014
04040207040015
04040207040013
04040207120015
04040207120013
04040207200015
04040207200013
04040207390015
04040207390013
04040207710013
04040207710015
04040207800013
04040207800015
04040300170013
04040300170015
04040300330015
04040300330013
04040300410015
04040300410013
04040300500013
04040300500015
04040300680013
04040300680015
04040300760013
04040300760015
04040300840015
04040300840013
04040301060015
04040301060013
04040301220013
04040301220015
04040301300013
04040301300015
04040301570013
04040301570015
04040301650013
04040301650015
04040301730013
04040301730014
04040301730015
04040301900014
04040301900015
04040301900013
04040302200015
04040302200013
04040302460013
04040302460015
04040302540015
04040302540013
04040302620013
04040302620015
04040302700015
04040302700013
04040302890013
04040302890015
04040302970015
04040302970013
04040303000015
04040303000013
04040303190015
04040303190013
04040303190014
04040303270013
04040303270015
04050100100015
04050100100014
04050100100013
04050100280015
04050100280014
04050100280013
04050100360015
04050100360013
04050100790015
04050100790014
04050100790013
04050100870013
04050100870015
04050101170013
04050101170015
04050101250015
04050101250014
04050101250013
04050101330013
04050101330015
04050101500013
04050101500014
04050101500015
04050200150013
04050200150015
04050200230013
04050200230015
04050300100013
04050300100015
04050300100014
04050300290013
04050300290015
04050300290014
04050300450013
04050300450014
04050300450015
04050300700015
04050300700013
04050301340013
04050301340015
04050301420015
04050301420013
04050301690013
04050301690015
04050301770015
04050301770013
04050301850015
04050301850013
04050301930014
04050301930013
04050301930015
04050400160014
04050400160015
04050400160013
04050400240015
04050400240013
04050400400013
04050400400015
04050400590015
04050400590013
04050400670015
04050400670014
04050400670013
04050400750013
04050400750014
04050400750015
04050400830015
04050400830013
04050400910013
04050400910015
04050401050014
04050401050013
04050401050015
04050401480013
04050401480015
04050401560015
04050401560013
04050401640015
04050401640013
04050401800013
04050401800015
04050402020015
04050402020014
04050402020013
04050402100013
04050402100015
04050402100014
04050500110015
04050500110014
04050500110013
04050500200013
04050500200014
04050500200015
04050500460013
04050500460014
04050500460015
04050500540015
04050500540014
04050500540013
04050500970013
04050500970014
04050500970015
04050501000014
04050501000015
04050501000013
04050501190015
04050501190013
04050501270015
04050501270014
04050501270013
04050501350013
04050501350015
04050501430014
04050501430013
04050501430015
04050501510015
04050501510014
04050501510013
04050501860013
04050501860015
04050501940013
04050501940015
04050501940014
04050502160014
04050502160013
04050502160015
04050502240013
04050502240015
04050502240014
04050502320013
04050502320015
04050503130013
04050503130015
04050503210013
04050503210015
04050503560015
04050503560013
04050503720014
04050503720013
04050503720015
04050503800013
04050503800015
04050504020013
04050504020014
04050504020015
04060100130015
04060100130013
04060100210015
04060100210013
04060100300015
04060100300013
04060100480015
04060100480013
04060100560013
04060100560015
04060100640015
04060100640013
04060100720013
04060100720015
04060100800015
04060100800013
04060100990013
04060100990015
04060101100015
04060101100013
04060101370013
04060101370015
04060101530013
04060101530015
04060101610015
04060101610013
04060101700015
04060101700013
04060101880015
04060101880013
04060101960015
04060101960013
04060102000013
04060102000015
04060102180013
04060102180015
04060102260015
04060102260013
04060102340015
04060102340013
04060102420015
04060102420013
04060102500015
04060102500013
04060102690013
04060102690015
04060102770015
04060102770013
04060102850015
04060102850013
04060102930015
04060102930013
04060103070013
04060103070015
04060103150015
04060103150013
04060103230013
04060103230015
04060103310015
04060103310013
04060103400015
04060103400013
04060103580013
04060103580015
04060103660013
04060103660015
04060103740015
04060103740013
04060103820015
04060103820013
04060103900013
04060103900015
04060104040015
04060104040013
04060104120015
04060104120013
04060104200013
04060104200015
04060104390013
04060104390015
04060104470015
04060104470013
04060104550013
04060104550015
04060104630015
04060104630013
04060104710015
04060104710013
04060104800015
04060104800013
04060104980013
04060104980015
04060105010013
04060105010015
04060105100013
04060105100015
04060105280015
04060105280013
04060105360015
04060105360013
04060105440013
04060105440015
04060105520015
04060105520013
04060105600015
04060105600013
04060105790015
04060105790013
04060105870013
04060105870015
04060105950013
04060105950015
04060106090013
04060106090015
04060106170015
04060106170013
04060106250015
04060106250013
04060106330013
04060106330015
04060106410015
04060106410013
04060106500013
04060106500015
04060106680013
04060106680015
04060106760013
04060106760015
04060106840015
04060106840014
04060106840013
04060106920013
04060106920015
04060107060013
04060107060015
04060107140013
04060107140015
04060107300015
04060107300013
04060107570013
04060107570015
04060107650013
04060107650015
04060107730013
04060107730014
04060107730015
04060107810013
04060107810015
04060107900013
04060107900015
04060108030013
04060108110015
04060108110013
04060108200013
04060108200015
04060108380013
04060108380015
04060108460013
04060108460015
04060108540013
04060108540015
04060108620013
04060108620015
04060108700015
04060108700013
04060108890013
04060108890015
04060108970015
04060108970013
04060109000013
04060109000015
04060109190013
04060109190015
04060109270013
04060109270015
04060109350013
04060109350015
04060109430015
04060109430013
04060109510013
04060109510015
04060109860015
04060109860013
04060109940013
04060109940015
04060110010013
04060110010015
04060110100015
04060110100013
04060110280013
04060110280015
04060110360013
04060110360015
04060110440015
04060110440013
04060110520013
04060110520015
04060110790013
04060110790015
04060110870013
04060110870015
04060110950013
04060110950015
04060111090015
04060111090013
04060111170013
04060111170015
04060111250015
04060111250013
04060111330015
04060111330013
04060111410015
04060111410013
04060111500015
04060111500013
04060111680013
04060111680015
04060111760015
04060111760013
04060111840013
04060111840015
04060111920013
04060111920015
04060112060013
04060112060015
04060112140013
04060112140015
04060112220013
04060112220015
04060112300013
04060112300015
04060112490015
04060112490013
04060112570015
04060112570013
04060112650013
04060112650015
04060112730013
04060112730015
04060112810013
04060112810015
04060112900015
04060112900013
04060113030013
04060113030015
04060113110013
04060113110015
04060113200013
04060113200015
04060113380013
04060113380015
04060113460015
04060113460013
04060113540013
04060113540015
04060113620013
04060113620015
04060113700015
04060113700013
04060113890015
04060113890013
04060113970013
04060113970015
04060114000013
04060114000015
04060114190013
04060114190015
04060114270013
04060114270015
04060114350015
04060114350013
04060114430015
04060114430013
04060114510015
04060114510013
04060114600013
04060114600015
04060114780015
04060114780013
04060114860013
04060114860015
04060114940015
04060114940013
04060115080013
04060115080015
04060115160013
04060115160015
04060200190015
04060200190013
04060200270015
04060200270013
04060200350015
04060200350013
04060200430013
04060200430015
04060200510015
04060200510013
04060200780013
04060200780015
04060201080015
04060201080013
04060201080014
04060201160014
04060201160013
04060201160015
04060201590015
04060201590013
04060201910015
04060201910013
04060202130015
04060202130013
04060202210013
04060202210015
04060202300015
04060202300014
04060202300013
04060202480013
04060202480015
04060202560015
04060202560013
04060202640015
04060202640013
04060202720015
04060202720013
04060202800013
04060202800015
04060203020015
04060203020013
04060203100015
04060203100013
04060203290013
04060203290015
04060203370015
04060203370013
04060203450013
04060203450015
04060203530013
04060203530015
04060203610015
04060203610013
04060203700015
04060203700013
04060203880013
04060203880015
04060203960013
04060203960015
04060204000013
04060204000015
04060204180015
04060204180013
04060204260013
04060204260015
04060204340015
04060204340013
04060204420013
04060204420015
04060204500015
04060204500013
04060204690013
04060204690015
04060204770015
04060204770013
04060204850013
04060204850015
04060205580013
04060205580015
04060205660013
04060205660015
04060205740013
04060205740014
04060205740015
04060205820013
04060205820015
04060205900015
04060205900013
04060206040013
04060206040015
04060300140015
04060300140013
04060300220015
04060300220013
04060300300013
04060300300015
04060300570015
04060300570013
04060300650015
04060300650013
04060300730013
04060300730015
04060300810015
04060300810013
04060300900015
04060300900013
04060301030015
04060301030013
04060301110013
04060301110015
04060301200015
04060301200013
04060301380015
04060301380013
04060301460015
04060301460013
04060301540013
04060301540015
04060400100015
04060400100013
04060400280015
04060400280013
04060400440015
04060400440013
04060400520013
04060400520015
04060400600013
04060400600015
04060400790013
04060400790015
04060400870013
04060400870015
04060400950015
04060400950013
04060401090013
04060401090015
04060401170015
04060401170013
04060401250013
04060401250015
04060401330015
04060401330013
04060401410013
04060401410015
04060401500015
04060401500013
04060401680013
04060401680015
04060401760013
04060401760015
04060401840013
04060401840015
04060401920013
04060401920015
04060402060013
04060402060015
04060402140013
04060402140015
04060402220013
04060402220015
04060402650013
04060402650015
04060402730015
04060402730013
04060402810015
04060402810013
04060402900013
04060402900015
04060403030013
04060403030015
04060403110015
04060403110013
04060403200013
04060403200015
04060403380013
04060403380015
04060500150015
04060500150013
04060500230015
04060500230013
04060500310013
04060500310015
04060500400013
04060500400015
04060500580015
04060500580013
04060500660015
04060500660013
04060500740013
04060500740015
04060500820015
04060500820013
04060500900013
04060500900015
04060501040013
04060501040015
04060501120013
04060501120015
04060501200015
04060501200013
04060501390013
04060501390015
04070100170015
04070100170013
04070100330015
04070100330013
04070100410015
04070100410013
04070100500015
04070100500013
04070100680013
04070100680015
04070100760015
04070100760013
04070100840015
04070100840013
04070100920015
04070100920013
04070101060013
04070101060015
04070101140013
04070101140015
04070101220015
04070101220013
04070101300015
04070101300013
04070101490013
04070101490015
04070101570013
04070101570015
04070101650014
04070101650015
04070101650013
04070101730015
04070101730013
04070101810015
04070101810013
04070102110014
04070102110015
04070102110013
04070102200014
04070102200013
04070102200015
04070102380013
04070102380014
04070102380015
04070102700013
04070102700015
04070102890013
04070102890015
04070102970013
04070102970015
04070103000015
04070103000013
04070103350015
04070103350013
04070103430015
04070103430013
04070103430014
04070103510015
04070103510013
04070103600013
04070103600015
04070103780013
04070103780015
04070103860015
04070103860013
04070200120015
04070200120013
04070200200015
04070200200013
04070200630013
04070200630015
04070200710015
04070200710013
04070200800013
04070200800015
04070201100013
04070201100014
04070201100015
04070201440015
04070201440013
04070201520013
04070201520015
04070201790015
04070201790013
04070201870015
04070201870014
04070201870013
04070201950013
04070201950014
04070201950015
04070202170013
04070202170014
04070202170015
04070202250015
04070202250013
04070202250014
04070202330015
04070202330013
04070202410014
04070202410013
04070202410015
04070202500013
04070202500014
04070202500015
04070202680015
04070202680014
04070202680013
04070202760015
04070202760013
04070202760014
04070202840013
04070202840014
04070202840015
04070202920015
04070202920013
04070203220013
04070203220015
04070203300013
04070203300015
04070203490013
04070203490015
04070203570015
04070203570013
04070203570014
04070204030013
04070204030015
04070204110015
04070204110013
04070204200015
04070204200013
04070204380013
04070204380015
04070204540013
04070204540015
04070204620013
04070204620015
04070204700015
04070204700013
04070300180013
04070300180015
04070300260015
04070300260013
04070300340015
04070300340013
04070300340014
04070300420013
04070300420015
04070300420014
04070300500015
04070300500013
04070300690015
04070300690013
04070300770013
04070300770015
04070301230015
04070301230013
04070301310013
04070301310015
04070301660015
04070301660013
04070301740015
04070301740013
04070301820013
04070301820015
04070301900015
04070301900013
04070302040013
04070302040015
04070302120015
04070302120013
04070302200013
04070302200015
04070302470014
04070302470015
04070302470013
04070302550015
04070302550013
04070400480013
04070400480014
04070400480015
04070400560015
04070400560013
04070400560014
04070400640015
04070400640013
04070400640014
04070400720014
04070400720015
04070400720013
04070400800014
04070400800015
04070400800013
04070400990015
04070400990014
04070400990013
04070401020013
04070401020015
04070401020014
04070401100013
04070401100015
04070401100014
04070401290014
04070401290013
04070401290015
04070401370013
04070401370015
04070401530015
04070401530013
04070401530014
04070401610015
04070401610013
04070401700015
04070401700014
04070401700013
04070402000015
04070402000013
04070402260013
04070402260014
04070402260015
04070402340013
04070402340015
04070402690015
04070402690013
04080100100013
04080100100015
04080100290015
04080100290013
04080100370013
04080100370015
04080100450015
04080100450013
04080100530015
04080100530013
04080100610015
04080100610013
04080100700015
04080100700013
04080100880013
04080100880015
04080100960013
04080100960015
04080101000015
04080101000013
04080101180014
04080101180013
04080101180015
04080101420013
04080101420015
04080101850014
04080101850013
04080101850015
04080101930015
04080101930014
04080101930013
04080102070015
04080102070013
04080102070014
04080102150015
04080102150013
04080102230013
04080102230015
04080102310015
04080102310013
04080200320015
04080200320013
04080200400015
04080200400014
04080200400013
04080200590015
04080200590013
04080200670013
04080200670015
04080200750013
04080200750015
04080200830015
04080200830013
04080200910013
04080200910015
04080201210013
04080201210014
04080201210015
04080201300013
04080201300014
04080201300015
04080201480015
04080201480014
04080201480013
04080204740013
04080204740015
04080204740014
04080204820014
04080204820013
04080204820015
04080204900013
04080204900014
04080204900015
04080205040013
04080205040015
04080205550013
04080205550015
04080205550014
04080205630013
04080205630015
04080205710015
04080205710013
04080205800014
04080205800013
04080205800015
04080205980015
04080205980013
04080206010015
04080206010014
04080206010013
04080206100013
04080206100015
04080206100014
04080206280013
04080206280015
04080206360015
04080206360014
04080206360013
04080206440015
04080206440013
04080300110013
04080300110015
04080300200015
04080300200013
04080300380015
04080300380013
04080300460015
04080300460013
04080300540015
04080300540013
04080300620015
04080300620013
04080300700013
04080300700015
04080300890013
04080300890015
04080300970013
04080300970015
04080301000013
04080301000015
04080301190013
04080301190015
04080301270015
04080301270013
04080301350013
04080301350015
04080301430013
04080301430015
04080301510015
04080301510013
04080301600013
04080301600015
04080301780015
04080301780013
04080301860013
04080301860015
04080301940015
04080301940013
04080302080013
04080302080015
04080302160015
04080302160013
04080302240013
04080302240015
04080302320013
04080302320015
04080302400013
04080302400015
04080302590013
04080302590015
04080302670013
04080302670015
04080302750015
04080302750013
04080302830013
04080302830015
04080302910013
04080302910015
04080303050013
04080303050015
04080303130013
04080303130015
04080303210015
04080303210013
04080303300013
04080303300015
04080303480013
04080303480015
04080303560013
04080303560015
04080303640013
04080303640015
04080303720013
04080303720015
04080303800013
04080303800015
04080303990015
04080303990013
04080304020013
04080304020015
04080304100013
04080304100015
04080304290013
04080304290015
04080304370013
04080304370015
04080304450013
04080304450015
04080304530015
04080304530013
04080304610015
04080304610013
04080305000015
04080305000013
04080305180013
04080305180015
04080305260013
04080305260015
04080305260014
04080305340015
04080305340013
04080305420013
04080305420015
04080305500013
04080305500015
04080305690013
04080305690015
04080305770015
04080305770013
04080305850015
04080305850013
04080305930015
04080305930013
04080306070013
04080306070015
04080306150015
04080306150013
04080306230015
04080306230013
04080306310013
04080306310015
04080306400013
04080306400015
04080306580015
04080306580013
04080306660013
04080306660015
04080306740015
04080306740013
04080306820015
04080306820013
04080306900015
04080306900013
04080307040013
04080307040015
04080307120013
04080307120015
04080307200015
04080307200013
04080307390015
04080307390013
04080307470015
04080307470013
04080307550013
04080307550015
04080307630015
04080307630013
04080307710015
04080307710013
04080307800013
04080307800015
04080307980013
04080307980015
04080308010015
04080308010013
04080308100013
04080308100015
04080308280015
04080308280013
04080308360015
04080308360013
04080308440015
04080308440013
04080308520013
04080308520015
04080308600013
04080308600015
04080308790015
04080308790013
04080308870013
04080308870015
04080308950015
04080308950013
04080309090015
04080309090013
04080309170015
04080309170013
04080400170015
04080400170013
04080400250015
04080400250013
04080400330013
04080400330015
04080400410013
04080400410015
04080400500013
04080400500015
04080400680015
04080400680013
04080400760013
04080400760015
04080400840015
04080400840013
04080400920015
04080400920013
04080401220013
04080401220014
04080401220015
04080401300013
04080401300015
04080401300014
04080401490013
04080401490015
04080401570015
04080401570013
04080401650015
04080401650013
04080401730013
04080401730015
04080401810015
04080401810013
04080401810014
04080402200015
04080402200013
04080402620015
04080402620013
04080403270015
04080403270013
04080500390013
04080500390015
04080500470013
04080500470015
04080500550013
04080500550015
04080500630013
04080500630015
04080500710015
04080500710013
04080501010015
04080501010014
04080501010013
04080501100013
04080501100015
04080501280015
04080501280014
04080501280013
04080501360013
04080501360015
04080501440014
04080501440015
04080501440013
04080501520015
04080501520013
04080501520014
04080501600015
04080501600013
04080501790013
04080501790015
04080503220015
04080503220014
04080503220013
04080503300015
04080503300014
04080503300013
04080503490015
04080503490013
04080503490014
04080503570014
04080503570015
04080503570013
04080503650013
04080503650014
04080503650015
04080503730014
04080503730015
04080503730013
04080503810015
04080503810013
04080503900015
04080503900013
04080503900014
04080504030013
04080504030015
04080504110015
04080504110013
04080504200013
04080504200015
04080504380013
04080504380015
04080504460015
04080504460013
04080504460014
04080506400013
04080506400014
04080506400015
04080506590013
04080506590015
04080506590014
04080506670013
04080506670015
04080506750013
04080506750015
04080507210013
04080507210015
04080507300013
04080507300015
04080507480015
04080507480013
04080507560015
04080507560013
04080507640013
04080507640014
04080507640015
04080507720013
04080507720015
04080507800015
04080507800013
04080507800014
04080507990015
04080507990013
04080508020013
04080508020015
04080508100015
04080508100013
04080508290015
04080508290013
04080508290014
04080508370015
04080508370013
04080508450013
04080508450014
04080508450015
04080508530015
04080508530013
04080508610015
04080508610014
04080508610013
04080508700015
04080508700013
04080508880013
04080508880014
04080508880015
04080508960013
04080508960015
04080509000015
04080509000014
04080509000013
04080509180014
04080509180015
04080509180013
04080509260013
04080509260014
04080509260015
04080600180013
04080600180015
04080600180014
04080600260013
04080600260015
04080600340015
04080600340013
04080600500015
04080600500013
04080600690013
04080600690015
04080600770015
04080600770013
04080600770014
04080600850014
04080600850013
04080600850015
04080600930013
04080600930015
04080601070015
04080601070013
04080601150013
04080601150015
04080601230013
04080601230014
04080601230015
04080601310013
04080601310015
04080601400014
04080601400015
04080601400013
04080601580013
04080601580015
04080601580014
04080601660013
04080601660014
04080601660015
04080601740013
04080601740014
04080601740015
04080601820013
04080601820014
04080601820015
04080601900013
04080601900014
04080601900015
04080602040013
04080602040014
04080602040015
04080602120015
04080602120014
04080602120013
04080602390015
04080602390013
04080602470015
04080602470013
04080602550015
04080602550013
04080602630015
04080602630013
04080602710015
04080602710013
04080602800013
04080602800015
04080602980013
04080602980015
04080603010013
04080603010014
04080603010015
04080603100013
04080603100015
04080603100014
04080603280015
04080603280014
04080603280013
04080603360013
04080603360015
04080603360014
04080603440014
04080603440013
04080603440015
04080603520013
04080603520014
04080603520015
04080603600015
04080603600013
04080603790013
04080603790015
04080603790014
04080603870013
04080603870015
04080603950013
04080603950015
04080604090013
04080604090014
04080604090015
04080604170013
04080604170015
04080604170014
04080604250013
04080604250014
04080604250015
04080604330013
04080604330014
04080604330015
04080604410015
04080604410013
04080604410014
04080604500013
04080604500014
04080604500015
04080604680013
04080604680015
04080604680014
04080604760015
04080604840015
04080604920013
04080604920015
04080605060015
04080605060013
04080605140013
04080605140015
04080605220015
04080605220013
04080605300015
04080605300013
04080605490015
04080605490013
04080605730015
04080605730013
04080605810015
04080605900014
04080605900013
04080605900015
04080606030013
04080606030014
04080606030015
04080606460015
04080606620015
04080606700015
04080606700013
04080606700014
04080606970013
04080606970015
04080607000013
04080607000015
04090100140013
04090100140015
04090100220015
04090100220013
04090100300013
04090100300015
04090100490013
04090100490015
04090100570013
04090100570014
04090100570015
04090100650013
04090100650014
04090100650015
04090100730013
04090100730014
04090100730015
04090100900013
04090100900014
04090100900015
04090101200013
04090101200014
04090101200015
04090101460013
04090101460014
04090101460015
04090101700013
04090101700015
04090101700014
04090101890013
04090101890015
04090101970013
04090101970015
04090102000013
04090102000015
04090102190015
04090102190013
04090102270015
04090102270013
04090102350015
04090102350013
04090102430014
04090102430015
04090102430013
04090102510014
04090102510013
04090102510015
04090102860015
04090102860014
04090102860013
04090102940013
04090102940015
04090102940014
04090103080015
04090103080013
04090103160014
04090103160013
04090103160015
04090103240015
04090103240013
04090103320014
04090103320013
04090103320015
04090103400015
04090103400014
04090103400013
04090103670015
04090103670014
04090103670013
04090103750013
04090103750014
04090103750015
04090103830013
04090103830015
04090103910015
04090103910014
04090103910013
04090104050013
04090104050015
04090104130013
04090104130015
04090104300015
04090104300013
04090104560015
04090104560013
04090104640013
04090104640015
04090104720013
04090104720015
04090104800014
04090104800013
04090104800015
04090104990015
04090104990013
04090105020015
04090105020013
04090105100014
04090105100015
04090105100013
04090105290015
04090105290013
04090105370013
04090105370015
04090105450013
04090105450015
04090105530013
04090105530015
04090105610015
04090105610013
04090105610014
04090105700013
04090105700014
04090105700015
04090105880014
04090105880013
04090105880015
04090105960015
04090105960013
04090200440015
04090200440013
04090200520015
04090200520014
04090200520013
04090200790015
04090200790014
04090200790013
04090200870013
04090200870014
04090200870015
04090200950015
04090200950013
04090200950014
04090201090015
04090201090013
04090201250015
04090201250013
04090201330014
04090201330013
04090201330015
04090201410015
04090201410013
04090201410014
04090201680014
04090201680015
04090201680013
04090201760013
04090201760015
04090300230013
04090300230015
04090300310013
04090300310015
04090300400013
04090300400015
04090400370014
04090400370013
04090400370015
04090400450014
04090400450013
04090400450015
04090400530015
04090400530014
04090400530013
04090400700015
04090400700014
04090400700013
04090400880014
04090400880015
04090400880013
04090400960013
04090400960015
04090400960014
04090401180015
04090401180013
04090401180014
04090401260015
04090401260014
04090401260013
04090401340015
04090401340013
04090401340014
04090401420014
04090401420013
04090401420015
04090401500014
04090401500013
04090401500015
04090401690014
04090401690013
04090401690015
04090401770015
04090401770013
04090401850013
04090401850014
04090401850015
04090401930014
04090401930013
04090401930015
04090402070015
04090402070013
04090402150013
04090402150015
04090402150014
04090402310013
04090402310014
04090402310015
04090402400014
04090402400015
04090402400013
04090500160015
04090500160013
04090500240015
04090500240013
04090500320013
04090500320015
04090500400015
04090500400013
04090500750015
04090500830013
04090500830014
04090500830015
04090500910015
04090500910013
04090501050015
04090501050013
04090501300015
04090501300013
04090501480013
04090501480015
04090600110015
04090600110013
04090600110014
04090600200014
04090600200015
04090600200013
04090600380014
04090600380013
04090600380015
04090600460013
04090600460014
04090600460015
04090600540014
04090600540013
04090600540015
04090600890014
04090600890013
04090600890012
04090601000014
04090601000013
04090601000015
04090601190015
04090601190014
04090601190013
04090601270015
04090601270014
04090601270013
04090601350013
04090601350014
04090601350015
04090601430014
04090601430015
04090601510015
04090601510013
04090601510014
04090601780013
04090601780014
04090601780015
04090601860014
04090601860013
04090601860015
04090601940013
04090601940015
04090601940014
04090602080015
04090602080013
04090602160014
04090602160013
04090602160015
04090602240013
04090602240015
04090602320013
04090602320015
04090602400013
04090602400015
04090602590013
04090602590015
04090602670015
04090602670013
04090602750015
04090602750013
04090602830013
04090602830015
04090602910015
04090602910013
04090603050013
04090603050012
04090603050014
04090700170013
04090700170014
04090700170015
04090700250015
04090700250013
04090700330015
04090700330013
04090700330014
04090700410014
04090700410013
04090700410015
04090700500015
04090700500013
04090700500014
04090700680014
04090700680013
04090700680015
04090700760013
04090700760015
04090700760014
04090700840014
04090700840013
04090700840015
04090701060013
04090701060014
04090701060015
04090701140015
04090701140013
04090701300015
04090701300014
04090701300013
04090701490013
04090701490014
04090701490015
04090701570015
04090701570013
04090701570014
04090701900013
04090701900014
04090701900015
04090702030013
04090702030015
04090702110013
04090702110015
04090702200013
04090702200015
04090702200014
04090702380015
04090702380013
04090702460013
04090702460015
04090702540013
04090702540015
04090702620015
04090702620014
04090702620013
04090702700013
04090702700015
04090702890015
04090702890014
04090702890013
04090702970013
04090702970015
04090703000013
04090703000015
04090703190015
04090703190013
04100100570013
04100100570015
04100100650014
04100100650015
04100100650013
04100100730013
04100100730015
04100100810015
04100100810013
04100100810014
04100100900013
04100100900015
04100101110014
04100101110015
04100101110013
04100101200013
04100101200014
04100101200015
04100101970013
04100101970015
04100102000013
04100102000015
04120100110015
04120100110013
04120100200013
04120100200015
04120100380013
04120100380015
04120100460015
04120100460013
04120100700013
04120100700015
04120100890015
04120100890013
04120100970015
04120100970013
04120101000015
04120101000013
04120101190014
04120101190015
04120101190013
04120101350013
04120101350015
04120101430015
04120101430013
04120200170015
04120200170013
04120200250013
04120200250015
04120200500013
04120200500015
04120200680013
04120200680015
04120200760013
04120200760015
04120300120013
04120300120015
04120300470013
04120300470015
04120300470014
04120300800015
04120300800013
04120301100013
04120301100015
04120400180013
04120400180014
04120400180015
04120400260015
04120400260013
04120400340015
04120400340013
04120400420015
04120400420013
04120400500013
04120400500015
04120400690015
04120400690013
04120401070015
04120401070013
04120401150015
04120401150013
04120401230015
04120401230013
04120401310015
04120401310013
04120401580013
04120401580015
04120401740015
04120401740013
04120401820015
04120401820013
04120402120013
04120402120015
04120402200013
04120402200015
04120500130015
04120500130013
04120500300015
04120500300013
04120500480015
04120500480013
04120500640015
04120500640013
04120500720013
04120500720015
04120501020015
04120501020013
04120501100015
04120501100013
04120501370015
04120501370013
04120501450013
04120501450015
04120501530015
04120501530013
04120501610015
04120501610013
04130300160013
04130300160015
04130300240013
04130300240015
04130300320015
04130300320013
04130300400013
04130300400015
04130300590015
04130300590013
04130300670015
04130300670013
04130300750013
04130300750015
04130300830015
04130300830013
04130400200013
04130400200015
04130400380013
04130400380015
04130400460015
04130400460013
04130400540015
04130400540013
04130400620015
04130400620013
04130400700013
04130400700015
04130400890013
04130400890015
04130400970014
04130400970013
04130400970015
04130401000014
04130401000015
04130401000013
04130401190014
04130401190015
04130401190013
04130401270015
04130401270014
04130401270013
04130401350015
04130401350013
04130401350014
04130401430013
04130401430015
04130401510014
04130401510013
04130401510015
04130401600014
04130401600013
04130401600015
04130401860014
04130401860015
04130401860013
04130401940014
04130401940013
04130401940015
04130402080014
04130402080015
04130402080013
04130402160015
04130402160013
04130402240013
04130402240015
04130402240014
04130402320015
04130402320013
04130402320014
04130402590015
04130402590013
04130402670013
04130402670015
04140100270013
04140100270015
04140102720013
04140102720015
04140102720014
04140103290015
04140103290013
04140103290014
04140103450013
04140103450014
04140103450015
04140103450001
04140103610001
04140103700015
04140103700013
04140103880001
04140200220001
04140200300001
04140200490001
04140200570001
04140200650001
04140200730001
04140200810001
04140200900001
04140201200001
04140201380001
04140201460001
04140201540001
04140201620001
04140201700001
04140202000001
04140202190001
04140202430001
04140202780001
04140202940001
04140203590001
04140203670001
04140203750001
04140203830001
04140204050001
04140204130014
04140204130015
04140204130013
04140204210013
04140204210015
04150100120013
04150100120015
04150200180013
04150200180015
04150200340013
04150200340015
04150200420013
04150200420015
04150200500013
04150200500015
04150200500003
04150200690006
04150200690015
04150200690013
04150200770013
04150200770007
04150200770015
04150200850013
04150200850015
04160100160013
04160100160015
04160100240015
04160100240013
04160100400013
04160100400015
04160100750015
04160100750013
04160100910015
04160100910013
04160101130013
04160101130015
04160101210013
04160101210015
04160101300013
04160101300015
04160101640013
04160101640015
04160101720015
04160101720013
04160101800013
04160101800015
04160101990013
04160101990015
04160102020013
04160102020015
04160102100015
04160102100013
04160102290013
04160102290015
04160200200015
04160200200013
04160201510015
04160201510013
04160201600013
04160201600015
04160201780013
04160201780015
04160201860015
04160201860013
04160201940015
04160201940013
04160202080015
04160202080013
04160202160015
04160202160013
04160202240013
04160202240015
04160202320013
04160202320015
04160202400013
04160202400015
04160202590015
04160202590013
04160300250013
04160300250015
04160300330015
04160300330013
04160300410013
04160300410015
04160300680013
04160300680015
04160300760013
04160300760015
04160300840013
04160300840015
04160300920015
04160300920013
04160301490015
04160301490013
04160301570013
04160301570015
04160301650015
04160301650013
04160301730015
04160301730013
04160301810013
04160301810015
04160301900015
04160301900013
04160302030013
04160302030015
04160302110013
04160302110015
04160302200013
04160302200015
04160302380013
04160302380015
04160302460013
04160302460015
04160302540015
04160302540013
04160302620013
04160302620015
04160302700013
04160302700015
04160302890015
04160302890013
04160302970015
04160302970013
04160303000013
04160303000015
04160303190013
04160303190015
04160303270013
04160303270015
04160303350013
04160303350015
04160303430013
04160303430015
04160303510015
04160303510013
04160303600013
04160303600015
04160400120013
04160400120015
04160400200013
04160400200015
04160400390015
04160400390013
04160400470013
04160400470015
04160400550013
04160400550015
04160400710015
04160400710013
04160401010013
04160401010015
04160401100013
04160401100015
04160401280013
04160401280015
04160401440015
04160401440013
04160401790013
04160401790015
04160401870013
04160401870015
04160401950013
04160401950015
04160402090013
04160402090015
04160402170013
04160402170015
04160402250015
04160402250013
04160402330015
04160402330013
04160402410013
04160402410015
04160402500013
04160402500015
04160402680013
04160402680015
04160402760013
04160402760015
04160402840015
04160402840013
04160402920013
04160402920015
04160403140015
04160403140013
04160403220015
04160403220013
04160403300015
04160403300013
04160403490013
04160403490015
04160500180013
04160500180015
04160500260013
04160500260015
04160500340013
04160500340015
04160500500015
04160500500013
04160500770013
04160500770015
04160500930013
04160500930015
04160501070013
04160501070015
04160501150013
04160501150015
04160501230015
04160501230013
04160600130013
04160600130015
04160600210013
04160600210015
04160600300013
04160600300015
04160600560015
04160600560013
04160600640015
04160600640013
04160600800013
04160600800015
04160600990013
04160600990015
04160601020013
04160601020015
04160601100013
04160601100015
04160601290015
04160601290013
04160800140015
04160800140013
04160800300015
04160800300013
04160800810013
04160800810015
04160800900013
04160800900015
04160801110013
04160801110015
04160801200015
04160801200013
04160900100013
04160900100015
04160900280013
04160900280015
04160900360015
04160900360013
04160900790013
04160900790015
04160901090015
04160901090013
04160901170013
04160901170015
04160901250013
04160901250015
04160901330015
04160901330013
04161100100015
04161100100013
04161100290015
04161100290013
04161100370015
04161100370013
04161100450015
04161100450013
04161100530013
04161100530015
04161100610015
04161100610013
04161100700013
04161100700015
04161100880013
04161100880015
04161200240015
04161200240013
04161200320013
04161200320015
04161200400013
04161200400015
04161200590013
04161200590015
04170100600012
04180100130015
04180100130013
04180100210015
04180100210013
04180100300013
04180100300015
04180100480013
04180100480015
04180100800013
04180100800015
04180200190013
04180200190015
04180200270013
04180200270015
08020103420013
08020103500013
08040200270012
09010100140014
09010100140013
09010100140011
09010100140009
09010100140015
09010100490009
09010100490011
09010100490013
09010100490014
09010100490015
09010100570015
09010100570014
09010100570013
09010100570011
09010100570009
09010100730009
09010100730011
09010100730014
09010100730015
09010100730013
09010100810009
09010100810013
09010100810011
09010100810014
09010100810015
09010100900011
09010100900009
09010100900013
09010100900014
09010100900015
09010101030011
09010101030014
09010101030015
09010101030009
09010101030013
09010101110015
09010101110013
09010101110011
09010101110014
09010101110009
09010101200014
09010101200013
09010101200009
09010101200011
09010101200015
09020100180011
09020100180009
09020100180015
09020100180014
09020100180013
09020100260014
09020100260013
09020100260009
09020100260011
09020100260015
09020100340014
09020100340015
09020100340009
09020100340011
09020100340013
09020100420014
09020100420013
09020100420009
09020100420011
09020100420015
09020100500015
09020100500014
09020100500013
09020100500009
09020100500011
09020100690009
09020100690011
09020100690013
09020100690014
09020100690015
09030100110011
09030100110009
09030100110013
09030100110014
09030100110015
09030100200014
09030100200015
09030100200013
09030100200009
09030100200011
09030100380009
09030100380013
09030100380014
09030100380015
09030100380011
09030100460014
09030100460013
09030100460011
09030100460009
09030100460015
09040100150011
09040100150009
09040100150013
09040100150014
09040100150015
09040100230009
09040100230011
09040100230013
09040100230015
09040100230014
09040100310009
09040100310011
09040100310014
09040100310013
09040100310015
09050100190015
09050100190014
09050100190013
09050100190009
09050100190011
09050100270014
09050100270015
09050100270013
09050100270009
09050100270011
09050100350015
09050100350014
09050100350013
09050100350011
09050100350009
09050100430009
09050100430011
09050100430013
09050100430014
09050100430015
09050100510009
09050100510011
09050100510013
09050100510014
09050100510015
09050100600014
09050100600015
09050100600013
09050100600009
09050100600011
09050100780009
09050100780011
09050100780013
09050100780014
09050100780015
09060100120015
09060100120013
09060100120011
09060100120009
09060100120014
09060100200015
09060100200013
09060100200014
09060100200011
09060100200009
09060100390011
09060100390015
09060100390014
09060100390013
09060100390009
09060100470015
09060100470014
09060100470011
09060100470009
09060100470013
09060100550011
09060100550009
09060100550013
09060100550014
09060100550015
